0;3266,000000000000000000;1669,000000000000000000;2520,000000000000000000
1;3266,000000000000000000;1819,000000000000000000;2661,000000000000000000
2;3406,000000000000000000;2083,000000000000000000;2757,000000000000000000
3;3406,000000000000000000;2220,000000000000000000;2817,000000000000000000
4;3406,000000000000000000;2297,000000000000000000;2863,000000000000000000
5;3406,000000000000000000;2441,000000000000000000;2901,000000000000000000
6;3406,000000000000000000;2471,000000000000000000;2924,000000000000000000
7;3406,000000000000000000;2471,000000000000000000;2949,000000000000000000
8;3406,000000000000000000;2518,000000000000000000;2971,000000000000000000
9;3406,000000000000000000;2518,000000000000000000;2988,000000000000000000
10;3414,000000000000000000;2518,000000000000000000;3008,000000000000000000
11;3414,000000000000000000;2603,000000000000000000;3024,000000000000000000
12;3414,000000000000000000;2623,000000000000000000;3037,000000000000000000
13;3414,000000000000000000;2723,000000000000000000;3045,000000000000000000
14;3414,000000000000000000;2778,000000000000000000;3057,000000000000000000
15;3414,000000000000000000;2781,000000000000000000;3068,000000000000000000
16;3414,000000000000000000;2781,000000000000000000;3081,000000000000000000
17;3414,000000000000000000;2834,000000000000000000;3092,000000000000000000
18;3414,000000000000000000;2834,000000000000000000;3103,000000000000000000
19;3414,000000000000000000;2834,000000000000000000;3114,000000000000000000
20;3414,000000000000000000;2834,000000000000000000;3119,000000000000000000
21;3414,000000000000000000;2834,000000000000000000;3126,000000000000000000
22;3414,000000000000000000;2845,000000000000000000;3134,000000000000000000
23;3414,000000000000000000;2845,000000000000000000;3143,000000000000000000
24;3414,000000000000000000;2855,000000000000000000;3150,000000000000000000
25;3414,000000000000000000;2884,000000000000000000;3155,000000000000000000
26;3414,000000000000000000;2906,000000000000000000;3161,000000000000000000
27;3414,000000000000000000;2906,000000000000000000;3165,000000000000000000
28;3444,000000000000000000;2906,000000000000000000;3172,000000000000000000
29;3444,000000000000000000;2906,000000000000000000;3176,000000000000000000
30;3444,000000000000000000;2906,000000000000000000;3182,000000000000000000
31;3444,000000000000000000;2906,000000000000000000;3188,000000000000000000
32;3444,000000000000000000;2906,000000000000000000;3194,000000000000000000
33;3444,000000000000000000;2906,000000000000000000;3197,000000000000000000
34;3444,000000000000000000;2927,000000000000000000;3203,000000000000000000
35;3444,000000000000000000;2927,000000000000000000;3208,000000000000000000
36;3444,000000000000000000;2927,000000000000000000;3212,000000000000000000
37;3444,000000000000000000;2961,000000000000000000;3216,000000000000000000
38;3444,000000000000000000;2961,000000000000000000;3221,000000000000000000
39;3444,000000000000000000;2995,000000000000000000;3223,000000000000000000
40;3444,000000000000000000;2995,000000000000000000;3227,000000000000000000
41;3444,000000000000000000;3013,000000000000000000;3231,000000000000000000
42;3444,000000000000000000;3024,000000000000000000;3234,000000000000000000
43;3451,000000000000000000;3024,000000000000000000;3237,000000000000000000
44;3451,000000000000000000;3056,000000000000000000;3242,000000000000000000
45;3451,000000000000000000;3056,000000000000000000;3244,000000000000000000
46;3451,000000000000000000;3062,000000000000000000;3246,000000000000000000
47;3451,000000000000000000;3062,000000000000000000;3250,000000000000000000
48;3451,000000000000000000;3062,000000000000000000;3252,000000000000000000
49;3451,000000000000000000;3062,000000000000000000;3253,000000000000000000
50;3451,000000000000000000;3062,000000000000000000;3255,000000000000000000
51;3451,000000000000000000;3062,000000000000000000;3258,000000000000000000
52;3451,000000000000000000;3062,000000000000000000;3260,000000000000000000
53;3451,000000000000000000;3062,000000000000000000;3263,000000000000000000
54;3451,000000000000000000;3062,000000000000000000;3266,000000000000000000
55;3451,000000000000000000;3062,000000000000000000;3269,000000000000000000
56;3451,000000000000000000;3062,000000000000000000;3271,000000000000000000
57;3451,000000000000000000;3067,000000000000000000;3272,000000000000000000
58;3451,000000000000000000;3067,000000000000000000;3274,000000000000000000
59;3451,000000000000000000;3067,000000000000000000;3277,000000000000000000
60;3451,000000000000000000;3067,000000000000000000;3279,000000000000000000
61;3451,000000000000000000;3067,000000000000000000;3280,000000000000000000
62;3451,000000000000000000;3067,000000000000000000;3283,000000000000000000
63;3451,000000000000000000;3096,000000000000000000;3287,000000000000000000
64;3451,000000000000000000;3096,000000000000000000;3289,000000000000000000
65;3451,000000000000000000;3096,000000000000000000;3291,000000000000000000
66;3451,000000000000000000;3096,000000000000000000;3293,000000000000000000
67;3451,000000000000000000;3096,000000000000000000;3295,000000000000000000
68;3451,000000000000000000;3096,000000000000000000;3296,000000000000000000
69;3451,000000000000000000;3143,000000000000000000;3299,000000000000000000
70;3451,000000000000000000;3143,000000000000000000;3301,000000000000000000
71;3451,000000000000000000;3143,000000000000000000;3302,000000000000000000
72;3451,000000000000000000;3143,000000000000000000;3305,000000000000000000
73;3451,000000000000000000;3143,000000000000000000;3307,000000000000000000
74;3451,000000000000000000;3143,000000000000000000;3310,000000000000000000
75;3451,000000000000000000;3143,000000000000000000;3312,000000000000000000
76;3451,000000000000000000;3143,000000000000000000;3313,000000000000000000
77;3451,000000000000000000;3143,000000000000000000;3314,000000000000000000
78;3451,000000000000000000;3143,000000000000000000;3314,000000000000000000
79;3451,000000000000000000;3143,000000000000000000;3315,000000000000000000
80;3451,000000000000000000;3143,000000000000000000;3318,000000000000000000
81;3451,000000000000000000;3143,000000000000000000;3320,000000000000000000
82;3451,000000000000000000;3143,000000000000000000;3322,000000000000000000
83;3451,000000000000000000;3143,000000000000000000;3323,000000000000000000
84;3451,000000000000000000;3143,000000000000000000;3325,000000000000000000
85;3451,000000000000000000;3143,000000000000000000;3326,000000000000000000
86;3451,000000000000000000;3143,000000000000000000;3327,000000000000000000
87;3451,000000000000000000;3143,000000000000000000;3329,000000000000000000
88;3451,000000000000000000;3143,000000000000000000;3331,000000000000000000
89;3451,000000000000000000;3143,000000000000000000;3332,000000000000000000
90;3451,000000000000000000;3143,000000000000000000;3334,000000000000000000
91;3451,000000000000000000;3143,000000000000000000;3335,000000000000000000
92;3451,000000000000000000;3143,000000000000000000;3337,000000000000000000
93;3451,000000000000000000;3143,000000000000000000;3338,000000000000000000
94;3451,000000000000000000;3143,000000000000000000;3339,000000000000000000
95;3451,000000000000000000;3143,000000000000000000;3340,000000000000000000
96;3451,000000000000000000;3143,000000000000000000;3342,000000000000000000
97;3451,000000000000000000;3143,000000000000000000;3343,000000000000000000
98;3451,000000000000000000;3143,000000000000000000;3344,000000000000000000
99;3451,000000000000000000;3143,000000000000000000;3345,000000000000000000
100;3451,000000000000000000;3143,000000000000000000;3346,000000000000000000
101;3451,000000000000000000;3143,000000000000000000;3346,000000000000000000
102;3451,000000000000000000;3143,000000000000000000;3347,000000000000000000
103;3451,000000000000000000;3143,000000000000000000;3348,000000000000000000
104;3451,000000000000000000;3143,000000000000000000;3350,000000000000000000
105;3451,000000000000000000;3143,000000000000000000;3351,000000000000000000
106;3451,000000000000000000;3143,000000000000000000;3351,000000000000000000
107;3451,000000000000000000;3143,000000000000000000;3352,000000000000000000
108;3451,000000000000000000;3143,000000000000000000;3353,000000000000000000
109;3451,000000000000000000;3143,000000000000000000;3354,000000000000000000
110;3451,000000000000000000;3143,000000000000000000;3356,000000000000000000
111;3451,000000000000000000;3143,000000000000000000;3356,000000000000000000
112;3451,000000000000000000;3143,000000000000000000;3357,000000000000000000
113;3451,000000000000000000;3143,000000000000000000;3357,000000000000000000
114;3451,000000000000000000;3143,000000000000000000;3358,000000000000000000
115;3451,000000000000000000;3143,000000000000000000;3358,000000000000000000
116;3451,000000000000000000;3143,000000000000000000;3358,000000000000000000
117;3451,000000000000000000;3143,000000000000000000;3358,000000000000000000
118;3451,000000000000000000;3143,000000000000000000;3359,000000000000000000
119;3451,000000000000000000;3143,000000000000000000;3360,000000000000000000
120;3451,000000000000000000;3143,000000000000000000;3361,000000000000000000
121;3451,000000000000000000;3143,000000000000000000;3362,000000000000000000
122;3451,000000000000000000;3143,000000000000000000;3363,000000000000000000
123;3451,000000000000000000;3203,000000000000000000;3363,000000000000000000
124;3451,000000000000000000;3203,000000000000000000;3364,000000000000000000
125;3451,000000000000000000;3203,000000000000000000;3364,000000000000000000
126;3451,000000000000000000;3203,000000000000000000;3365,000000000000000000
127;3451,000000000000000000;3203,000000000000000000;3366,000000000000000000
128;3451,000000000000000000;3203,000000000000000000;3367,000000000000000000
129;3451,000000000000000000;3203,000000000000000000;3367,000000000000000000
130;3451,000000000000000000;3203,000000000000000000;3367,000000000000000000
131;3451,000000000000000000;3203,000000000000000000;3368,000000000000000000
132;3451,000000000000000000;3203,000000000000000000;3369,000000000000000000
133;3451,000000000000000000;3203,000000000000000000;3370,000000000000000000
134;3451,000000000000000000;3203,000000000000000000;3372,000000000000000000
135;3451,000000000000000000;3203,000000000000000000;3373,000000000000000000
136;3451,000000000000000000;3203,000000000000000000;3374,000000000000000000
137;3451,000000000000000000;3203,000000000000000000;3374,000000000000000000
138;3451,000000000000000000;3203,000000000000000000;3375,000000000000000000
139;3451,000000000000000000;3203,000000000000000000;3375,000000000000000000
140;3451,000000000000000000;3203,000000000000000000;3375,000000000000000000
141;3451,000000000000000000;3203,000000000000000000;3376,000000000000000000
142;3451,000000000000000000;3203,000000000000000000;3377,000000000000000000
143;3451,000000000000000000;3203,000000000000000000;3377,000000000000000000
144;3451,000000000000000000;3203,000000000000000000;3378,000000000000000000
145;3451,000000000000000000;3203,000000000000000000;3378,000000000000000000
146;3451,000000000000000000;3203,000000000000000000;3378,000000000000000000
147;3451,000000000000000000;3203,000000000000000000;3379,000000000000000000
148;3451,000000000000000000;3203,000000000000000000;3379,000000000000000000
149;3451,000000000000000000;3203,000000000000000000;3379,000000000000000000
150;3451,000000000000000000;3203,000000000000000000;3379,000000000000000000
151;3451,000000000000000000;3203,000000000000000000;3379,000000000000000000
152;3451,000000000000000000;3203,000000000000000000;3380,000000000000000000
153;3451,000000000000000000;3203,000000000000000000;3380,000000000000000000
154;3451,000000000000000000;3203,000000000000000000;3381,000000000000000000
155;3451,000000000000000000;3203,000000000000000000;3381,000000000000000000
156;3451,000000000000000000;3203,000000000000000000;3381,000000000000000000
157;3451,000000000000000000;3203,000000000000000000;3381,000000000000000000
158;3451,000000000000000000;3203,000000000000000000;3382,000000000000000000
159;3451,000000000000000000;3203,000000000000000000;3382,000000000000000000
160;3451,000000000000000000;3203,000000000000000000;3382,000000000000000000
161;3451,000000000000000000;3228,000000000000000000;3382,000000000000000000
162;3451,000000000000000000;3228,000000000000000000;3383,000000000000000000
163;3451,000000000000000000;3228,000000000000000000;3383,000000000000000000
164;3451,000000000000000000;3228,000000000000000000;3384,000000000000000000
165;3451,000000000000000000;3228,000000000000000000;3384,000000000000000000
166;3451,000000000000000000;3228,000000000000000000;3385,000000000000000000
167;3451,000000000000000000;3228,000000000000000000;3385,000000000000000000
168;3451,000000000000000000;3228,000000000000000000;3386,000000000000000000
169;3451,000000000000000000;3228,000000000000000000;3386,000000000000000000
170;3451,000000000000000000;3228,000000000000000000;3386,000000000000000000
171;3451,000000000000000000;3228,000000000000000000;3387,000000000000000000
172;3451,000000000000000000;3228,000000000000000000;3387,000000000000000000
173;3451,000000000000000000;3228,000000000000000000;3387,000000000000000000
174;3451,000000000000000000;3228,000000000000000000;3388,000000000000000000
175;3451,000000000000000000;3228,000000000000000000;3388,000000000000000000
176;3451,000000000000000000;3228,000000000000000000;3388,000000000000000000
177;3451,000000000000000000;3228,000000000000000000;3389,000000000000000000
178;3451,000000000000000000;3228,000000000000000000;3389,000000000000000000
179;3451,000000000000000000;3228,000000000000000000;3389,000000000000000000
180;3451,000000000000000000;3228,000000000000000000;3389,000000000000000000
181;3451,000000000000000000;3228,000000000000000000;3390,000000000000000000
182;3451,000000000000000000;3228,000000000000000000;3390,000000000000000000
183;3451,000000000000000000;3228,000000000000000000;3390,000000000000000000
184;3451,000000000000000000;3228,000000000000000000;3391,000000000000000000
185;3451,000000000000000000;3228,000000000000000000;3391,000000000000000000
186;3451,000000000000000000;3228,000000000000000000;3391,000000000000000000
187;3451,000000000000000000;3228,000000000000000000;3392,000000000000000000
188;3451,000000000000000000;3228,000000000000000000;3392,000000000000000000
189;3451,000000000000000000;3228,000000000000000000;3393,000000000000000000
190;3451,000000000000000000;3228,000000000000000000;3393,000000000000000000
191;3451,000000000000000000;3228,000000000000000000;3394,000000000000000000
192;3451,000000000000000000;3228,000000000000000000;3394,000000000000000000
193;3451,000000000000000000;3228,000000000000000000;3395,000000000000000000
194;3451,000000000000000000;3228,000000000000000000;3395,000000000000000000
195;3451,000000000000000000;3228,000000000000000000;3396,000000000000000000
196;3451,000000000000000000;3228,000000000000000000;3397,000000000000000000
197;3451,000000000000000000;3228,000000000000000000;3397,000000000000000000
198;3451,000000000000000000;3228,000000000000000000;3397,000000000000000000
199;3451,000000000000000000;3228,000000000000000000;3398,000000000000000000
200;3451,000000000000000000;3228,000000000000000000;3398,000000000000000000
201;3451,000000000000000000;3228,000000000000000000;3398,000000000000000000
202;3451,000000000000000000;3228,000000000000000000;3400,000000000000000000
203;3451,000000000000000000;3228,000000000000000000;3400,000000000000000000
204;3451,000000000000000000;3228,000000000000000000;3401,000000000000000000
205;3451,000000000000000000;3228,000000000000000000;3401,000000000000000000
206;3451,000000000000000000;3228,000000000000000000;3401,000000000000000000
207;3451,000000000000000000;3228,000000000000000000;3402,000000000000000000
208;3451,000000000000000000;3228,000000000000000000;3402,000000000000000000
209;3451,000000000000000000;3228,000000000000000000;3403,000000000000000000
210;3451,000000000000000000;3228,000000000000000000;3403,000000000000000000
211;3451,000000000000000000;3228,000000000000000000;3403,000000000000000000
212;3451,000000000000000000;3228,000000000000000000;3403,000000000000000000
213;3451,000000000000000000;3228,000000000000000000;3403,000000000000000000
214;3451,000000000000000000;3228,000000000000000000;3403,000000000000000000
215;3451,000000000000000000;3228,000000000000000000;3403,000000000000000000
216;3451,000000000000000000;3228,000000000000000000;3403,000000000000000000
217;3451,000000000000000000;3228,000000000000000000;3403,000000000000000000
218;3451,000000000000000000;3228,000000000000000000;3404,000000000000000000
219;3451,000000000000000000;3228,000000000000000000;3404,000000000000000000
220;3451,000000000000000000;3228,000000000000000000;3405,000000000000000000
221;3451,000000000000000000;3228,000000000000000000;3405,000000000000000000
222;3451,000000000000000000;3228,000000000000000000;3405,000000000000000000
223;3451,000000000000000000;3228,000000000000000000;3405,000000000000000000
224;3451,000000000000000000;3228,000000000000000000;3405,000000000000000000
225;3451,000000000000000000;3228,000000000000000000;3406,000000000000000000
226;3451,000000000000000000;3293,000000000000000000;3407,000000000000000000
227;3451,000000000000000000;3293,000000000000000000;3407,000000000000000000
228;3451,000000000000000000;3293,000000000000000000;3407,000000000000000000
229;3451,000000000000000000;3293,000000000000000000;3408,000000000000000000
230;3451,000000000000000000;3293,000000000000000000;3408,000000000000000000
231;3451,000000000000000000;3293,000000000000000000;3408,000000000000000000
232;3451,000000000000000000;3293,000000000000000000;3408,000000000000000000
233;3451,000000000000000000;3293,000000000000000000;3408,000000000000000000
234;3451,000000000000000000;3293,000000000000000000;3409,000000000000000000
235;3451,000000000000000000;3293,000000000000000000;3409,000000000000000000
236;3451,000000000000000000;3293,000000000000000000;3410,000000000000000000
237;3451,000000000000000000;3293,000000000000000000;3410,000000000000000000
238;3451,000000000000000000;3293,000000000000000000;3410,000000000000000000
239;3451,000000000000000000;3293,000000000000000000;3410,000000000000000000
240;3451,000000000000000000;3293,000000000000000000;3411,000000000000000000
241;3451,000000000000000000;3293,000000000000000000;3411,000000000000000000
242;3451,000000000000000000;3293,000000000000000000;3411,000000000000000000
243;3451,000000000000000000;3293,000000000000000000;3411,000000000000000000
244;3451,000000000000000000;3293,000000000000000000;3411,000000000000000000
245;3451,000000000000000000;3293,000000000000000000;3411,000000000000000000
246;3451,000000000000000000;3293,000000000000000000;3411,000000000000000000
247;3451,000000000000000000;3293,000000000000000000;3411,000000000000000000
248;3451,000000000000000000;3293,000000000000000000;3411,000000000000000000
249;3451,000000000000000000;3293,000000000000000000;3411,000000000000000000
250;3451,000000000000000000;3293,000000000000000000;3411,000000000000000000
251;3451,000000000000000000;3293,000000000000000000;3411,000000000000000000
252;3451,000000000000000000;3293,000000000000000000;3412,000000000000000000
253;3451,000000000000000000;3293,000000000000000000;3412,000000000000000000
254;3451,000000000000000000;3293,000000000000000000;3412,000000000000000000
255;3451,000000000000000000;3293,000000000000000000;3412,000000000000000000
256;3451,000000000000000000;3293,000000000000000000;3412,000000000000000000
257;3451,000000000000000000;3293,000000000000000000;3413,000000000000000000
258;3451,000000000000000000;3293,000000000000000000;3413,000000000000000000
259;3451,000000000000000000;3293,000000000000000000;3413,000000000000000000
260;3451,000000000000000000;3293,000000000000000000;3413,000000000000000000
261;3451,000000000000000000;3293,000000000000000000;3413,000000000000000000
262;3451,000000000000000000;3293,000000000000000000;3414,000000000000000000
263;3451,000000000000000000;3293,000000000000000000;3414,000000000000000000
264;3451,000000000000000000;3293,000000000000000000;3414,000000000000000000
265;3451,000000000000000000;3293,000000000000000000;3414,000000000000000000
266;3451,000000000000000000;3293,000000000000000000;3415,000000000000000000
267;3451,000000000000000000;3293,000000000000000000;3415,000000000000000000
268;3451,000000000000000000;3293,000000000000000000;3415,000000000000000000
269;3451,000000000000000000;3293,000000000000000000;3415,000000000000000000
270;3451,000000000000000000;3293,000000000000000000;3415,000000000000000000
271;3451,000000000000000000;3293,000000000000000000;3415,000000000000000000
272;3451,000000000000000000;3293,000000000000000000;3415,000000000000000000
273;3451,000000000000000000;3293,000000000000000000;3415,000000000000000000
274;3451,000000000000000000;3293,000000000000000000;3415,000000000000000000
275;3451,000000000000000000;3293,000000000000000000;3415,000000000000000000
276;3451,000000000000000000;3293,000000000000000000;3416,000000000000000000
277;3451,000000000000000000;3293,000000000000000000;3416,000000000000000000
278;3451,000000000000000000;3293,000000000000000000;3416,000000000000000000
279;3451,000000000000000000;3293,000000000000000000;3416,000000000000000000
280;3451,000000000000000000;3293,000000000000000000;3416,000000000000000000
281;3451,000000000000000000;3293,000000000000000000;3416,000000000000000000
282;3451,000000000000000000;3293,000000000000000000;3416,000000000000000000
283;3451,000000000000000000;3293,000000000000000000;3416,000000000000000000
284;3451,000000000000000000;3293,000000000000000000;3416,000000000000000000
285;3451,000000000000000000;3293,000000000000000000;3416,000000000000000000
286;3451,000000000000000000;3293,000000000000000000;3416,000000000000000000
287;3451,000000000000000000;3293,000000000000000000;3416,000000000000000000
288;3451,000000000000000000;3293,000000000000000000;3416,000000000000000000
289;3451,000000000000000000;3293,000000000000000000;3416,000000000000000000
290;3451,000000000000000000;3293,000000000000000000;3417,000000000000000000
291;3451,000000000000000000;3293,000000000000000000;3417,000000000000000000
292;3451,000000000000000000;3293,000000000000000000;3417,000000000000000000
293;3451,000000000000000000;3293,000000000000000000;3417,000000000000000000
294;3451,000000000000000000;3293,000000000000000000;3417,000000000000000000
295;3451,000000000000000000;3293,000000000000000000;3417,000000000000000000
296;3451,000000000000000000;3293,000000000000000000;3417,000000000000000000
297;3451,000000000000000000;3293,000000000000000000;3417,000000000000000000
298;3451,000000000000000000;3293,000000000000000000;3417,000000000000000000
299;3451,000000000000000000;3293,000000000000000000;3417,000000000000000000
300;3451,000000000000000000;3293,000000000000000000;3417,000000000000000000
301;3451,000000000000000000;3293,000000000000000000;3417,000000000000000000
302;3451,000000000000000000;3293,000000000000000000;3417,000000000000000000
303;3451,000000000000000000;3293,000000000000000000;3418,000000000000000000
304;3451,000000000000000000;3293,000000000000000000;3418,000000000000000000
305;3451,000000000000000000;3293,000000000000000000;3418,000000000000000000
306;3451,000000000000000000;3293,000000000000000000;3418,000000000000000000
307;3451,000000000000000000;3293,000000000000000000;3418,000000000000000000
308;3451,000000000000000000;3293,000000000000000000;3418,000000000000000000
309;3451,000000000000000000;3293,000000000000000000;3418,000000000000000000
310;3451,000000000000000000;3293,000000000000000000;3419,000000000000000000
311;3451,000000000000000000;3293,000000000000000000;3419,000000000000000000
312;3451,000000000000000000;3293,000000000000000000;3419,000000000000000000
313;3451,000000000000000000;3293,000000000000000000;3419,000000000000000000
314;3451,000000000000000000;3293,000000000000000000;3419,000000000000000000
315;3451,000000000000000000;3293,000000000000000000;3420,000000000000000000
316;3451,000000000000000000;3293,000000000000000000;3420,000000000000000000
317;3451,000000000000000000;3293,000000000000000000;3420,000000000000000000
318;3451,000000000000000000;3293,000000000000000000;3420,000000000000000000
319;3451,000000000000000000;3293,000000000000000000;3420,000000000000000000
320;3451,000000000000000000;3293,000000000000000000;3420,000000000000000000
321;3451,000000000000000000;3293,000000000000000000;3420,000000000000000000
322;3451,000000000000000000;3293,000000000000000000;3420,000000000000000000
323;3451,000000000000000000;3293,000000000000000000;3420,000000000000000000
324;3451,000000000000000000;3293,000000000000000000;3420,000000000000000000
325;3451,000000000000000000;3293,000000000000000000;3420,000000000000000000
326;3451,000000000000000000;3293,000000000000000000;3421,000000000000000000
327;3451,000000000000000000;3293,000000000000000000;3421,000000000000000000
328;3451,000000000000000000;3293,000000000000000000;3421,000000000000000000
329;3451,000000000000000000;3293,000000000000000000;3421,000000000000000000
330;3451,000000000000000000;3293,000000000000000000;3421,000000000000000000
331;3451,000000000000000000;3293,000000000000000000;3421,000000000000000000
332;3451,000000000000000000;3293,000000000000000000;3421,000000000000000000
333;3451,000000000000000000;3293,000000000000000000;3421,000000000000000000
334;3451,000000000000000000;3293,000000000000000000;3421,000000000000000000
335;3451,000000000000000000;3293,000000000000000000;3421,000000000000000000
336;3451,000000000000000000;3293,000000000000000000;3421,000000000000000000
337;3451,000000000000000000;3293,000000000000000000;3421,000000000000000000
338;3451,000000000000000000;3293,000000000000000000;3421,000000000000000000
339;3451,000000000000000000;3293,000000000000000000;3421,000000000000000000
340;3451,000000000000000000;3293,000000000000000000;3421,000000000000000000
341;3451,000000000000000000;3293,000000000000000000;3422,000000000000000000
342;3451,000000000000000000;3293,000000000000000000;3422,000000000000000000
343;3451,000000000000000000;3293,000000000000000000;3422,000000000000000000
344;3451,000000000000000000;3293,000000000000000000;3422,000000000000000000
345;3451,000000000000000000;3293,000000000000000000;3422,000000000000000000
346;3451,000000000000000000;3293,000000000000000000;3422,000000000000000000
347;3451,000000000000000000;3293,000000000000000000;3422,000000000000000000
348;3451,000000000000000000;3293,000000000000000000;3422,000000000000000000
349;3451,000000000000000000;3293,000000000000000000;3422,000000000000000000
350;3451,000000000000000000;3414,000000000000000000;3422,000000000000000000
351;3451,000000000000000000;3414,000000000000000000;3422,000000000000000000
352;3451,000000000000000000;3414,000000000000000000;3422,000000000000000000
353;3451,000000000000000000;3414,000000000000000000;3422,000000000000000000
354;3451,000000000000000000;3414,000000000000000000;3422,000000000000000000
355;3451,000000000000000000;3414,000000000000000000;3422,000000000000000000
356;3451,000000000000000000;3414,000000000000000000;3422,000000000000000000
357;3451,000000000000000000;3414,000000000000000000;3422,000000000000000000
358;3451,000000000000000000;3414,000000000000000000;3422,000000000000000000
359;3451,000000000000000000;3414,000000000000000000;3423,000000000000000000
360;3451,000000000000000000;3414,000000000000000000;3423,000000000000000000
361;3451,000000000000000000;3414,000000000000000000;3423,000000000000000000
362;3451,000000000000000000;3414,000000000000000000;3423,000000000000000000
363;3451,000000000000000000;3414,000000000000000000;3423,000000000000000000
364;3451,000000000000000000;3414,000000000000000000;3423,000000000000000000
365;3451,000000000000000000;3414,000000000000000000;3423,000000000000000000
366;3451,000000000000000000;3414,000000000000000000;3423,000000000000000000
367;3451,000000000000000000;3414,000000000000000000;3423,000000000000000000
368;3451,000000000000000000;3414,000000000000000000;3423,000000000000000000
369;3451,000000000000000000;3414,000000000000000000;3423,000000000000000000
370;3451,000000000000000000;3414,000000000000000000;3423,000000000000000000
371;3451,000000000000000000;3414,000000000000000000;3423,000000000000000000
372;3451,000000000000000000;3414,000000000000000000;3423,000000000000000000
373;3451,000000000000000000;3414,000000000000000000;3423,000000000000000000
374;3451,000000000000000000;3414,000000000000000000;3423,000000000000000000
375;3451,000000000000000000;3414,000000000000000000;3423,000000000000000000
376;3451,000000000000000000;3414,000000000000000000;3423,000000000000000000
377;3451,000000000000000000;3414,000000000000000000;3423,000000000000000000
378;3451,000000000000000000;3414,000000000000000000;3423,000000000000000000
379;3451,000000000000000000;3414,000000000000000000;3423,000000000000000000
380;3451,000000000000000000;3414,000000000000000000;3423,000000000000000000
381;3451,000000000000000000;3414,000000000000000000;3423,000000000000000000
382;3451,000000000000000000;3414,000000000000000000;3423,000000000000000000
383;3451,000000000000000000;3414,000000000000000000;3423,000000000000000000
384;3451,000000000000000000;3414,000000000000000000;3423,000000000000000000
385;3451,000000000000000000;3414,000000000000000000;3423,000000000000000000
386;3451,000000000000000000;3414,000000000000000000;3423,000000000000000000
387;3451,000000000000000000;3414,000000000000000000;3423,000000000000000000
388;3451,000000000000000000;3414,000000000000000000;3423,000000000000000000
389;3451,000000000000000000;3414,000000000000000000;3423,000000000000000000
390;3451,000000000000000000;3414,000000000000000000;3423,000000000000000000
391;3451,000000000000000000;3414,000000000000000000;3423,000000000000000000
392;3451,000000000000000000;3414,000000000000000000;3423,000000000000000000
393;3451,000000000000000000;3414,000000000000000000;3423,000000000000000000
394;3451,000000000000000000;3414,000000000000000000;3423,000000000000000000
395;3451,000000000000000000;3414,000000000000000000;3423,000000000000000000
396;3451,000000000000000000;3414,000000000000000000;3423,000000000000000000
397;3451,000000000000000000;3414,000000000000000000;3423,000000000000000000
398;3451,000000000000000000;3414,000000000000000000;3423,000000000000000000
399;3451,000000000000000000;3414,000000000000000000;3423,000000000000000000
400;3451,000000000000000000;3414,000000000000000000;3423,000000000000000000
401;3451,000000000000000000;3414,000000000000000000;3423,000000000000000000
402;3451,000000000000000000;3414,000000000000000000;3423,000000000000000000
403;3451,000000000000000000;3414,000000000000000000;3423,000000000000000000
404;3451,000000000000000000;3414,000000000000000000;3423,000000000000000000
405;3451,000000000000000000;3414,000000000000000000;3423,000000000000000000
406;3451,000000000000000000;3414,000000000000000000;3424,000000000000000000
407;3451,000000000000000000;3414,000000000000000000;3424,000000000000000000
408;3451,000000000000000000;3414,000000000000000000;3424,000000000000000000
409;3451,000000000000000000;3414,000000000000000000;3424,000000000000000000
410;3451,000000000000000000;3414,000000000000000000;3424,000000000000000000
411;3451,000000000000000000;3414,000000000000000000;3424,000000000000000000
412;3451,000000000000000000;3414,000000000000000000;3424,000000000000000000
413;3451,000000000000000000;3414,000000000000000000;3424,000000000000000000
414;3451,000000000000000000;3414,000000000000000000;3424,000000000000000000
415;3451,000000000000000000;3414,000000000000000000;3424,000000000000000000
416;3451,000000000000000000;3414,000000000000000000;3424,000000000000000000
417;3451,000000000000000000;3414,000000000000000000;3424,000000000000000000
418;3451,000000000000000000;3414,000000000000000000;3424,000000000000000000
419;3451,000000000000000000;3414,000000000000000000;3424,000000000000000000
420;3451,000000000000000000;3414,000000000000000000;3424,000000000000000000
421;3451,000000000000000000;3417,000000000000000000;3424,000000000000000000
422;3451,000000000000000000;3417,000000000000000000;3424,000000000000000000
423;3451,000000000000000000;3417,000000000000000000;3424,000000000000000000
424;3451,000000000000000000;3417,000000000000000000;3424,000000000000000000
425;3451,000000000000000000;3417,000000000000000000;3424,000000000000000000
426;3451,000000000000000000;3417,000000000000000000;3424,000000000000000000
427;3451,000000000000000000;3417,000000000000000000;3424,000000000000000000
428;3451,000000000000000000;3417,000000000000000000;3424,000000000000000000
429;3451,000000000000000000;3417,000000000000000000;3424,000000000000000000
430;3451,000000000000000000;3417,000000000000000000;3424,000000000000000000
431;3451,000000000000000000;3417,000000000000000000;3424,000000000000000000
432;3451,000000000000000000;3417,000000000000000000;3424,000000000000000000
433;3451,000000000000000000;3417,000000000000000000;3424,000000000000000000
434;3451,000000000000000000;3417,000000000000000000;3424,000000000000000000
435;3451,000000000000000000;3417,000000000000000000;3424,000000000000000000
436;3451,000000000000000000;3417,000000000000000000;3424,000000000000000000
437;3451,000000000000000000;3417,000000000000000000;3424,000000000000000000
438;3451,000000000000000000;3417,000000000000000000;3424,000000000000000000
439;3451,000000000000000000;3417,000000000000000000;3424,000000000000000000
440;3451,000000000000000000;3417,000000000000000000;3424,000000000000000000
441;3451,000000000000000000;3417,000000000000000000;3424,000000000000000000
442;3451,000000000000000000;3417,000000000000000000;3424,000000000000000000
443;3451,000000000000000000;3417,000000000000000000;3424,000000000000000000
444;3451,000000000000000000;3417,000000000000000000;3424,000000000000000000
445;3451,000000000000000000;3417,000000000000000000;3424,000000000000000000
446;3451,000000000000000000;3417,000000000000000000;3424,000000000000000000
447;3451,000000000000000000;3417,000000000000000000;3424,000000000000000000
448;3451,000000000000000000;3417,000000000000000000;3424,000000000000000000
449;3451,000000000000000000;3417,000000000000000000;3424,000000000000000000
450;3451,000000000000000000;3417,000000000000000000;3424,000000000000000000
451;3451,000000000000000000;3417,000000000000000000;3424,000000000000000000
452;3451,000000000000000000;3417,000000000000000000;3424,000000000000000000
453;3451,000000000000000000;3417,000000000000000000;3424,000000000000000000
454;3451,000000000000000000;3417,000000000000000000;3424,000000000000000000
455;3451,000000000000000000;3417,000000000000000000;3424,000000000000000000
456;3451,000000000000000000;3417,000000000000000000;3424,000000000000000000
457;3451,000000000000000000;3417,000000000000000000;3424,000000000000000000
458;3451,000000000000000000;3417,000000000000000000;3424,000000000000000000
459;3451,000000000000000000;3417,000000000000000000;3424,000000000000000000
460;3451,000000000000000000;3417,000000000000000000;3424,000000000000000000
461;3451,000000000000000000;3417,000000000000000000;3424,000000000000000000
462;3451,000000000000000000;3417,000000000000000000;3424,000000000000000000
463;3451,000000000000000000;3417,000000000000000000;3424,000000000000000000
464;3451,000000000000000000;3417,000000000000000000;3424,000000000000000000
465;3451,000000000000000000;3417,000000000000000000;3425,000000000000000000
466;3451,000000000000000000;3417,000000000000000000;3425,000000000000000000
467;3451,000000000000000000;3417,000000000000000000;3425,000000000000000000
468;3451,000000000000000000;3417,000000000000000000;3425,000000000000000000
469;3451,000000000000000000;3417,000000000000000000;3425,000000000000000000
470;3451,000000000000000000;3417,000000000000000000;3425,000000000000000000
471;3451,000000000000000000;3417,000000000000000000;3425,000000000000000000
472;3451,000000000000000000;3417,000000000000000000;3425,000000000000000000
473;3451,000000000000000000;3417,000000000000000000;3425,000000000000000000
474;3451,000000000000000000;3417,000000000000000000;3425,000000000000000000
475;3451,000000000000000000;3417,000000000000000000;3425,000000000000000000
476;3451,000000000000000000;3417,000000000000000000;3425,000000000000000000
477;3451,000000000000000000;3417,000000000000000000;3425,000000000000000000
478;3451,000000000000000000;3417,000000000000000000;3425,000000000000000000
479;3451,000000000000000000;3417,000000000000000000;3425,000000000000000000
480;3451,000000000000000000;3417,000000000000000000;3425,000000000000000000
481;3451,000000000000000000;3417,000000000000000000;3425,000000000000000000
482;3451,000000000000000000;3417,000000000000000000;3425,000000000000000000
483;3451,000000000000000000;3417,000000000000000000;3425,000000000000000000
484;3451,000000000000000000;3417,000000000000000000;3426,000000000000000000
485;3451,000000000000000000;3417,000000000000000000;3426,000000000000000000
486;3451,000000000000000000;3417,000000000000000000;3426,000000000000000000
487;3451,000000000000000000;3417,000000000000000000;3426,000000000000000000
488;3451,000000000000000000;3417,000000000000000000;3426,000000000000000000
489;3451,000000000000000000;3417,000000000000000000;3426,000000000000000000
490;3451,000000000000000000;3417,000000000000000000;3426,000000000000000000
491;3451,000000000000000000;3417,000000000000000000;3426,000000000000000000
492;3451,000000000000000000;3417,000000000000000000;3426,000000000000000000
493;3451,000000000000000000;3417,000000000000000000;3426,000000000000000000
494;3451,000000000000000000;3417,000000000000000000;3426,000000000000000000
495;3451,000000000000000000;3417,000000000000000000;3426,000000000000000000
496;3451,000000000000000000;3417,000000000000000000;3426,000000000000000000
497;3451,000000000000000000;3417,000000000000000000;3426,000000000000000000
498;3451,000000000000000000;3417,000000000000000000;3426,000000000000000000
499;3451,000000000000000000;3417,000000000000000000;3426,000000000000000000
500;3451,000000000000000000;3417,000000000000000000;3426,000000000000000000
501;3451,000000000000000000;3417,000000000000000000;3426,000000000000000000
502;3451,000000000000000000;3417,000000000000000000;3426,000000000000000000
503;3451,000000000000000000;3417,000000000000000000;3426,000000000000000000
504;3451,000000000000000000;3417,000000000000000000;3426,000000000000000000
505;3451,000000000000000000;3417,000000000000000000;3426,000000000000000000
506;3451,000000000000000000;3417,000000000000000000;3426,000000000000000000
507;3451,000000000000000000;3417,000000000000000000;3426,000000000000000000
508;3451,000000000000000000;3417,000000000000000000;3426,000000000000000000
509;3451,000000000000000000;3417,000000000000000000;3426,000000000000000000
510;3451,000000000000000000;3417,000000000000000000;3426,000000000000000000
511;3451,000000000000000000;3417,000000000000000000;3426,000000000000000000
512;3451,000000000000000000;3417,000000000000000000;3426,000000000000000000
513;3451,000000000000000000;3417,000000000000000000;3426,000000000000000000
514;3451,000000000000000000;3417,000000000000000000;3426,000000000000000000
515;3451,000000000000000000;3417,000000000000000000;3426,000000000000000000
516;3451,000000000000000000;3417,000000000000000000;3426,000000000000000000
517;3451,000000000000000000;3417,000000000000000000;3426,000000000000000000
518;3451,000000000000000000;3417,000000000000000000;3426,000000000000000000
519;3451,000000000000000000;3417,000000000000000000;3426,000000000000000000
520;3451,000000000000000000;3417,000000000000000000;3426,000000000000000000
521;3451,000000000000000000;3417,000000000000000000;3426,000000000000000000
522;3451,000000000000000000;3417,000000000000000000;3426,000000000000000000
523;3451,000000000000000000;3417,000000000000000000;3426,000000000000000000
524;3451,000000000000000000;3417,000000000000000000;3426,000000000000000000
525;3451,000000000000000000;3417,000000000000000000;3426,000000000000000000
526;3451,000000000000000000;3417,000000000000000000;3426,000000000000000000
527;3451,000000000000000000;3417,000000000000000000;3426,000000000000000000
528;3451,000000000000000000;3417,000000000000000000;3426,000000000000000000
529;3451,000000000000000000;3417,000000000000000000;3426,000000000000000000
530;3451,000000000000000000;3417,000000000000000000;3426,000000000000000000
531;3451,000000000000000000;3417,000000000000000000;3426,000000000000000000
532;3451,000000000000000000;3417,000000000000000000;3426,000000000000000000
533;3451,000000000000000000;3417,000000000000000000;3426,000000000000000000
534;3451,000000000000000000;3417,000000000000000000;3426,000000000000000000
535;3451,000000000000000000;3417,000000000000000000;3427,000000000000000000
536;3451,000000000000000000;3417,000000000000000000;3427,000000000000000000
537;3451,000000000000000000;3417,000000000000000000;3427,000000000000000000
538;3451,000000000000000000;3417,000000000000000000;3427,000000000000000000
539;3451,000000000000000000;3417,000000000000000000;3427,000000000000000000
540;3451,000000000000000000;3417,000000000000000000;3427,000000000000000000
541;3451,000000000000000000;3417,000000000000000000;3427,000000000000000000
542;3451,000000000000000000;3417,000000000000000000;3427,000000000000000000
543;3451,000000000000000000;3417,000000000000000000;3427,000000000000000000
544;3451,000000000000000000;3417,000000000000000000;3427,000000000000000000
545;3451,000000000000000000;3417,000000000000000000;3427,000000000000000000
546;3451,000000000000000000;3417,000000000000000000;3427,000000000000000000
547;3451,000000000000000000;3417,000000000000000000;3427,000000000000000000
548;3451,000000000000000000;3417,000000000000000000;3427,000000000000000000
549;3451,000000000000000000;3417,000000000000000000;3427,000000000000000000
550;3451,000000000000000000;3417,000000000000000000;3427,000000000000000000
551;3451,000000000000000000;3417,000000000000000000;3427,000000000000000000
552;3451,000000000000000000;3417,000000000000000000;3427,000000000000000000
553;3451,000000000000000000;3417,000000000000000000;3427,000000000000000000
554;3451,000000000000000000;3417,000000000000000000;3427,000000000000000000
555;3451,000000000000000000;3417,000000000000000000;3427,000000000000000000
556;3451,000000000000000000;3417,000000000000000000;3427,000000000000000000
557;3451,000000000000000000;3417,000000000000000000;3427,000000000000000000
558;3451,000000000000000000;3417,000000000000000000;3427,000000000000000000
559;3451,000000000000000000;3417,000000000000000000;3427,000000000000000000
560;3451,000000000000000000;3417,000000000000000000;3427,000000000000000000
561;3451,000000000000000000;3417,000000000000000000;3427,000000000000000000
562;3451,000000000000000000;3417,000000000000000000;3427,000000000000000000
563;3451,000000000000000000;3417,000000000000000000;3427,000000000000000000
564;3451,000000000000000000;3417,000000000000000000;3427,000000000000000000
565;3451,000000000000000000;3417,000000000000000000;3427,000000000000000000
566;3451,000000000000000000;3417,000000000000000000;3427,000000000000000000
567;3451,000000000000000000;3417,000000000000000000;3427,000000000000000000
568;3451,000000000000000000;3417,000000000000000000;3427,000000000000000000
569;3451,000000000000000000;3417,000000000000000000;3427,000000000000000000
570;3451,000000000000000000;3417,000000000000000000;3427,000000000000000000
571;3451,000000000000000000;3417,000000000000000000;3427,000000000000000000
572;3451,000000000000000000;3417,000000000000000000;3427,000000000000000000
573;3451,000000000000000000;3417,000000000000000000;3427,000000000000000000
574;3451,000000000000000000;3417,000000000000000000;3427,000000000000000000
575;3451,000000000000000000;3417,000000000000000000;3427,000000000000000000
576;3451,000000000000000000;3417,000000000000000000;3427,000000000000000000
577;3451,000000000000000000;3417,000000000000000000;3427,000000000000000000
578;3451,000000000000000000;3417,000000000000000000;3427,000000000000000000
579;3451,000000000000000000;3417,000000000000000000;3427,000000000000000000
580;3451,000000000000000000;3417,000000000000000000;3427,000000000000000000
581;3451,000000000000000000;3417,000000000000000000;3427,000000000000000000
582;3451,000000000000000000;3417,000000000000000000;3427,000000000000000000
583;3451,000000000000000000;3417,000000000000000000;3427,000000000000000000
584;3451,000000000000000000;3417,000000000000000000;3427,000000000000000000
585;3451,000000000000000000;3417,000000000000000000;3427,000000000000000000
586;3451,000000000000000000;3417,000000000000000000;3427,000000000000000000
587;3451,000000000000000000;3417,000000000000000000;3427,000000000000000000
588;3451,000000000000000000;3417,000000000000000000;3427,000000000000000000
589;3451,000000000000000000;3417,000000000000000000;3427,000000000000000000
590;3451,000000000000000000;3417,000000000000000000;3427,000000000000000000
591;3451,000000000000000000;3417,000000000000000000;3427,000000000000000000
592;3451,000000000000000000;3417,000000000000000000;3428,000000000000000000
593;3451,000000000000000000;3417,000000000000000000;3428,000000000000000000
594;3451,000000000000000000;3417,000000000000000000;3428,000000000000000000
595;3451,000000000000000000;3417,000000000000000000;3428,000000000000000000
596;3451,000000000000000000;3417,000000000000000000;3428,000000000000000000
597;3451,000000000000000000;3417,000000000000000000;3428,000000000000000000
598;3451,000000000000000000;3417,000000000000000000;3428,000000000000000000
599;3451,000000000000000000;3417,000000000000000000;3428,000000000000000000
600;3451,000000000000000000;3417,000000000000000000;3428,000000000000000000
601;3451,000000000000000000;3417,000000000000000000;3428,000000000000000000
602;3451,000000000000000000;3417,000000000000000000;3428,000000000000000000
603;3451,000000000000000000;3417,000000000000000000;3428,000000000000000000
604;3451,000000000000000000;3417,000000000000000000;3428,000000000000000000
605;3451,000000000000000000;3417,000000000000000000;3428,000000000000000000
606;3451,000000000000000000;3417,000000000000000000;3428,000000000000000000
607;3451,000000000000000000;3417,000000000000000000;3428,000000000000000000
608;3451,000000000000000000;3417,000000000000000000;3428,000000000000000000
609;3451,000000000000000000;3417,000000000000000000;3428,000000000000000000
610;3451,000000000000000000;3417,000000000000000000;3428,000000000000000000
611;3451,000000000000000000;3417,000000000000000000;3428,000000000000000000
612;3451,000000000000000000;3417,000000000000000000;3428,000000000000000000
613;3451,000000000000000000;3417,000000000000000000;3428,000000000000000000
614;3451,000000000000000000;3417,000000000000000000;3428,000000000000000000
615;3451,000000000000000000;3417,000000000000000000;3428,000000000000000000
616;3451,000000000000000000;3417,000000000000000000;3428,000000000000000000
617;3451,000000000000000000;3417,000000000000000000;3428,000000000000000000
618;3451,000000000000000000;3417,000000000000000000;3428,000000000000000000
619;3451,000000000000000000;3417,000000000000000000;3428,000000000000000000
620;3451,000000000000000000;3417,000000000000000000;3428,000000000000000000
621;3451,000000000000000000;3417,000000000000000000;3428,000000000000000000
622;3451,000000000000000000;3417,000000000000000000;3428,000000000000000000
623;3451,000000000000000000;3417,000000000000000000;3428,000000000000000000
624;3451,000000000000000000;3417,000000000000000000;3428,000000000000000000
625;3451,000000000000000000;3417,000000000000000000;3428,000000000000000000
626;3451,000000000000000000;3417,000000000000000000;3428,000000000000000000
627;3451,000000000000000000;3417,000000000000000000;3428,000000000000000000
628;3451,000000000000000000;3417,000000000000000000;3428,000000000000000000
629;3451,000000000000000000;3417,000000000000000000;3428,000000000000000000
630;3451,000000000000000000;3417,000000000000000000;3428,000000000000000000
631;3451,000000000000000000;3417,000000000000000000;3428,000000000000000000
632;3451,000000000000000000;3417,000000000000000000;3428,000000000000000000
633;3451,000000000000000000;3417,000000000000000000;3428,000000000000000000
634;3451,000000000000000000;3417,000000000000000000;3428,000000000000000000
635;3451,000000000000000000;3417,000000000000000000;3428,000000000000000000
636;3451,000000000000000000;3417,000000000000000000;3428,000000000000000000
637;3451,000000000000000000;3417,000000000000000000;3428,000000000000000000
638;3451,000000000000000000;3417,000000000000000000;3428,000000000000000000
639;3451,000000000000000000;3417,000000000000000000;3428,000000000000000000
640;3451,000000000000000000;3417,000000000000000000;3428,000000000000000000
641;3451,000000000000000000;3417,000000000000000000;3428,000000000000000000
642;3451,000000000000000000;3417,000000000000000000;3428,000000000000000000
643;3451,000000000000000000;3417,000000000000000000;3428,000000000000000000
644;3451,000000000000000000;3417,000000000000000000;3428,000000000000000000
645;3451,000000000000000000;3417,000000000000000000;3428,000000000000000000
646;3451,000000000000000000;3417,000000000000000000;3428,000000000000000000
647;3451,000000000000000000;3417,000000000000000000;3429,000000000000000000
648;3451,000000000000000000;3417,000000000000000000;3429,000000000000000000
649;3451,000000000000000000;3417,000000000000000000;3429,000000000000000000
650;3451,000000000000000000;3417,000000000000000000;3429,000000000000000000
651;3451,000000000000000000;3417,000000000000000000;3429,000000000000000000
652;3451,000000000000000000;3417,000000000000000000;3429,000000000000000000
653;3451,000000000000000000;3417,000000000000000000;3429,000000000000000000
654;3451,000000000000000000;3417,000000000000000000;3429,000000000000000000
655;3451,000000000000000000;3417,000000000000000000;3429,000000000000000000
656;3451,000000000000000000;3417,000000000000000000;3429,000000000000000000
657;3451,000000000000000000;3417,000000000000000000;3429,000000000000000000
658;3451,000000000000000000;3417,000000000000000000;3429,000000000000000000
659;3451,000000000000000000;3417,000000000000000000;3429,000000000000000000
660;3451,000000000000000000;3417,000000000000000000;3429,000000000000000000
661;3451,000000000000000000;3417,000000000000000000;3429,000000000000000000
662;3451,000000000000000000;3417,000000000000000000;3429,000000000000000000
663;3451,000000000000000000;3417,000000000000000000;3429,000000000000000000
664;3451,000000000000000000;3417,000000000000000000;3429,000000000000000000
665;3451,000000000000000000;3417,000000000000000000;3429,000000000000000000
666;3451,000000000000000000;3417,000000000000000000;3429,000000000000000000
667;3451,000000000000000000;3417,000000000000000000;3429,000000000000000000
668;3451,000000000000000000;3417,000000000000000000;3429,000000000000000000
669;3451,000000000000000000;3417,000000000000000000;3429,000000000000000000
670;3451,000000000000000000;3417,000000000000000000;3429,000000000000000000
671;3451,000000000000000000;3417,000000000000000000;3429,000000000000000000
672;3451,000000000000000000;3417,000000000000000000;3429,000000000000000000
673;3451,000000000000000000;3417,000000000000000000;3429,000000000000000000
674;3451,000000000000000000;3417,000000000000000000;3429,000000000000000000
675;3451,000000000000000000;3417,000000000000000000;3429,000000000000000000
676;3451,000000000000000000;3417,000000000000000000;3429,000000000000000000
677;3451,000000000000000000;3417,000000000000000000;3429,000000000000000000
678;3451,000000000000000000;3417,000000000000000000;3429,000000000000000000
679;3451,000000000000000000;3417,000000000000000000;3429,000000000000000000
680;3451,000000000000000000;3417,000000000000000000;3429,000000000000000000
681;3451,000000000000000000;3417,000000000000000000;3429,000000000000000000
682;3451,000000000000000000;3417,000000000000000000;3429,000000000000000000
683;3451,000000000000000000;3417,000000000000000000;3429,000000000000000000
684;3451,000000000000000000;3417,000000000000000000;3429,000000000000000000
685;3451,000000000000000000;3417,000000000000000000;3429,000000000000000000
686;3451,000000000000000000;3417,000000000000000000;3429,000000000000000000
687;3451,000000000000000000;3417,000000000000000000;3429,000000000000000000
688;3451,000000000000000000;3417,000000000000000000;3429,000000000000000000
689;3451,000000000000000000;3417,000000000000000000;3429,000000000000000000
690;3451,000000000000000000;3417,000000000000000000;3429,000000000000000000
691;3451,000000000000000000;3417,000000000000000000;3429,000000000000000000
692;3451,000000000000000000;3417,000000000000000000;3429,000000000000000000
693;3451,000000000000000000;3417,000000000000000000;3429,000000000000000000
694;3451,000000000000000000;3417,000000000000000000;3429,000000000000000000
695;3451,000000000000000000;3417,000000000000000000;3429,000000000000000000
696;3451,000000000000000000;3417,000000000000000000;3429,000000000000000000
697;3451,000000000000000000;3417,000000000000000000;3429,000000000000000000
698;3451,000000000000000000;3417,000000000000000000;3429,000000000000000000
699;3451,000000000000000000;3417,000000000000000000;3429,000000000000000000
700;3451,000000000000000000;3417,000000000000000000;3429,000000000000000000
701;3451,000000000000000000;3417,000000000000000000;3429,000000000000000000
702;3451,000000000000000000;3417,000000000000000000;3429,000000000000000000
703;3451,000000000000000000;3417,000000000000000000;3430,000000000000000000
704;3451,000000000000000000;3417,000000000000000000;3430,000000000000000000
705;3451,000000000000000000;3417,000000000000000000;3430,000000000000000000
706;3451,000000000000000000;3417,000000000000000000;3430,000000000000000000
707;3451,000000000000000000;3417,000000000000000000;3430,000000000000000000
708;3451,000000000000000000;3417,000000000000000000;3430,000000000000000000
709;3451,000000000000000000;3417,000000000000000000;3430,000000000000000000
710;3451,000000000000000000;3417,000000000000000000;3430,000000000000000000
711;3451,000000000000000000;3417,000000000000000000;3430,000000000000000000
712;3451,000000000000000000;3417,000000000000000000;3430,000000000000000000
713;3451,000000000000000000;3417,000000000000000000;3430,000000000000000000
714;3451,000000000000000000;3417,000000000000000000;3430,000000000000000000
715;3451,000000000000000000;3417,000000000000000000;3430,000000000000000000
716;3451,000000000000000000;3417,000000000000000000;3430,000000000000000000
717;3451,000000000000000000;3417,000000000000000000;3430,000000000000000000
718;3451,000000000000000000;3417,000000000000000000;3430,000000000000000000
719;3451,000000000000000000;3417,000000000000000000;3430,000000000000000000
720;3451,000000000000000000;3417,000000000000000000;3430,000000000000000000
721;3451,000000000000000000;3417,000000000000000000;3430,000000000000000000
722;3451,000000000000000000;3417,000000000000000000;3430,000000000000000000
723;3451,000000000000000000;3417,000000000000000000;3430,000000000000000000
724;3451,000000000000000000;3417,000000000000000000;3430,000000000000000000
725;3451,000000000000000000;3417,000000000000000000;3430,000000000000000000
726;3451,000000000000000000;3417,000000000000000000;3430,000000000000000000
727;3451,000000000000000000;3417,000000000000000000;3430,000000000000000000
728;3451,000000000000000000;3417,000000000000000000;3430,000000000000000000
729;3451,000000000000000000;3417,000000000000000000;3430,000000000000000000
730;3451,000000000000000000;3417,000000000000000000;3430,000000000000000000
731;3451,000000000000000000;3417,000000000000000000;3430,000000000000000000
732;3451,000000000000000000;3417,000000000000000000;3431,000000000000000000
733;3451,000000000000000000;3417,000000000000000000;3431,000000000000000000
734;3451,000000000000000000;3417,000000000000000000;3431,000000000000000000
735;3451,000000000000000000;3417,000000000000000000;3431,000000000000000000
736;3451,000000000000000000;3417,000000000000000000;3431,000000000000000000
737;3451,000000000000000000;3417,000000000000000000;3431,000000000000000000
738;3451,000000000000000000;3417,000000000000000000;3431,000000000000000000
739;3451,000000000000000000;3417,000000000000000000;3431,000000000000000000
740;3451,000000000000000000;3417,000000000000000000;3431,000000000000000000
741;3451,000000000000000000;3417,000000000000000000;3431,000000000000000000
742;3451,000000000000000000;3417,000000000000000000;3431,000000000000000000
743;3451,000000000000000000;3417,000000000000000000;3431,000000000000000000
744;3451,000000000000000000;3417,000000000000000000;3431,000000000000000000
745;3451,000000000000000000;3417,000000000000000000;3431,000000000000000000
746;3451,000000000000000000;3417,000000000000000000;3431,000000000000000000
747;3451,000000000000000000;3417,000000000000000000;3431,000000000000000000
748;3451,000000000000000000;3417,000000000000000000;3431,000000000000000000
749;3451,000000000000000000;3417,000000000000000000;3431,000000000000000000
750;3451,000000000000000000;3417,000000000000000000;3431,000000000000000000
751;3451,000000000000000000;3417,000000000000000000;3431,000000000000000000
752;3451,000000000000000000;3417,000000000000000000;3431,000000000000000000
753;3451,000000000000000000;3417,000000000000000000;3431,000000000000000000
754;3451,000000000000000000;3417,000000000000000000;3431,000000000000000000
755;3451,000000000000000000;3417,000000000000000000;3431,000000000000000000
756;3451,000000000000000000;3417,000000000000000000;3431,000000000000000000
757;3451,000000000000000000;3417,000000000000000000;3431,000000000000000000
758;3451,000000000000000000;3417,000000000000000000;3431,000000000000000000
759;3451,000000000000000000;3417,000000000000000000;3431,000000000000000000
760;3451,000000000000000000;3417,000000000000000000;3431,000000000000000000
761;3451,000000000000000000;3417,000000000000000000;3431,000000000000000000
762;3451,000000000000000000;3417,000000000000000000;3431,000000000000000000
763;3451,000000000000000000;3417,000000000000000000;3431,000000000000000000
764;3451,000000000000000000;3417,000000000000000000;3431,000000000000000000
765;3451,000000000000000000;3417,000000000000000000;3431,000000000000000000
766;3451,000000000000000000;3417,000000000000000000;3431,000000000000000000
767;3451,000000000000000000;3417,000000000000000000;3431,000000000000000000
768;3451,000000000000000000;3417,000000000000000000;3431,000000000000000000
769;3451,000000000000000000;3417,000000000000000000;3431,000000000000000000
770;3451,000000000000000000;3417,000000000000000000;3431,000000000000000000
771;3451,000000000000000000;3417,000000000000000000;3431,000000000000000000
772;3451,000000000000000000;3417,000000000000000000;3431,000000000000000000
773;3451,000000000000000000;3417,000000000000000000;3431,000000000000000000
774;3451,000000000000000000;3417,000000000000000000;3431,000000000000000000
775;3451,000000000000000000;3417,000000000000000000;3431,000000000000000000
776;3451,000000000000000000;3417,000000000000000000;3431,000000000000000000
777;3451,000000000000000000;3417,000000000000000000;3431,000000000000000000
778;3451,000000000000000000;3417,000000000000000000;3431,000000000000000000
779;3451,000000000000000000;3417,000000000000000000;3431,000000000000000000
780;3451,000000000000000000;3417,000000000000000000;3431,000000000000000000
781;3451,000000000000000000;3417,000000000000000000;3431,000000000000000000
782;3451,000000000000000000;3417,000000000000000000;3431,000000000000000000
783;3451,000000000000000000;3417,000000000000000000;3431,000000000000000000
784;3451,000000000000000000;3417,000000000000000000;3431,000000000000000000
785;3451,000000000000000000;3417,000000000000000000;3431,000000000000000000
786;3451,000000000000000000;3417,000000000000000000;3431,000000000000000000
787;3451,000000000000000000;3417,000000000000000000;3431,000000000000000000
788;3451,000000000000000000;3417,000000000000000000;3431,000000000000000000
789;3451,000000000000000000;3417,000000000000000000;3431,000000000000000000
790;3451,000000000000000000;3417,000000000000000000;3431,000000000000000000
791;3451,000000000000000000;3417,000000000000000000;3431,000000000000000000
792;3451,000000000000000000;3417,000000000000000000;3431,000000000000000000
793;3451,000000000000000000;3417,000000000000000000;3431,000000000000000000
794;3451,000000000000000000;3417,000000000000000000;3431,000000000000000000
795;3451,000000000000000000;3417,000000000000000000;3431,000000000000000000
796;3451,000000000000000000;3417,000000000000000000;3431,000000000000000000
797;3451,000000000000000000;3417,000000000000000000;3431,000000000000000000
798;3451,000000000000000000;3417,000000000000000000;3431,000000000000000000
799;3451,000000000000000000;3417,000000000000000000;3431,000000000000000000
800;3451,000000000000000000;3417,000000000000000000;3431,000000000000000000
801;3451,000000000000000000;3417,000000000000000000;3431,000000000000000000
802;3451,000000000000000000;3417,000000000000000000;3431,000000000000000000
803;3451,000000000000000000;3417,000000000000000000;3431,000000000000000000
804;3451,000000000000000000;3417,000000000000000000;3431,000000000000000000
805;3451,000000000000000000;3417,000000000000000000;3431,000000000000000000
806;3451,000000000000000000;3417,000000000000000000;3432,000000000000000000
807;3451,000000000000000000;3417,000000000000000000;3432,000000000000000000
808;3451,000000000000000000;3417,000000000000000000;3432,000000000000000000
809;3451,000000000000000000;3417,000000000000000000;3432,000000000000000000
810;3451,000000000000000000;3417,000000000000000000;3432,000000000000000000
811;3451,000000000000000000;3417,000000000000000000;3432,000000000000000000
812;3451,000000000000000000;3417,000000000000000000;3432,000000000000000000
813;3451,000000000000000000;3417,000000000000000000;3432,000000000000000000
814;3451,000000000000000000;3417,000000000000000000;3432,000000000000000000
815;3451,000000000000000000;3417,000000000000000000;3432,000000000000000000
816;3451,000000000000000000;3417,000000000000000000;3432,000000000000000000
817;3451,000000000000000000;3417,000000000000000000;3432,000000000000000000
818;3451,000000000000000000;3417,000000000000000000;3432,000000000000000000
819;3451,000000000000000000;3417,000000000000000000;3432,000000000000000000
820;3451,000000000000000000;3417,000000000000000000;3432,000000000000000000
821;3451,000000000000000000;3417,000000000000000000;3432,000000000000000000
822;3451,000000000000000000;3417,000000000000000000;3432,000000000000000000
823;3451,000000000000000000;3417,000000000000000000;3432,000000000000000000
824;3451,000000000000000000;3417,000000000000000000;3432,000000000000000000
825;3451,000000000000000000;3417,000000000000000000;3432,000000000000000000
826;3451,000000000000000000;3417,000000000000000000;3432,000000000000000000
827;3451,000000000000000000;3417,000000000000000000;3432,000000000000000000
828;3451,000000000000000000;3417,000000000000000000;3432,000000000000000000
829;3451,000000000000000000;3417,000000000000000000;3432,000000000000000000
830;3451,000000000000000000;3417,000000000000000000;3432,000000000000000000
831;3451,000000000000000000;3417,000000000000000000;3432,000000000000000000
832;3451,000000000000000000;3417,000000000000000000;3432,000000000000000000
833;3451,000000000000000000;3417,000000000000000000;3432,000000000000000000
834;3451,000000000000000000;3417,000000000000000000;3432,000000000000000000
835;3451,000000000000000000;3417,000000000000000000;3432,000000000000000000
836;3451,000000000000000000;3417,000000000000000000;3432,000000000000000000
837;3451,000000000000000000;3417,000000000000000000;3432,000000000000000000
838;3451,000000000000000000;3417,000000000000000000;3432,000000000000000000
839;3451,000000000000000000;3417,000000000000000000;3432,000000000000000000
840;3451,000000000000000000;3417,000000000000000000;3432,000000000000000000
841;3451,000000000000000000;3417,000000000000000000;3432,000000000000000000
842;3451,000000000000000000;3417,000000000000000000;3432,000000000000000000
843;3451,000000000000000000;3417,000000000000000000;3432,000000000000000000
844;3451,000000000000000000;3417,000000000000000000;3432,000000000000000000
845;3451,000000000000000000;3417,000000000000000000;3432,000000000000000000
846;3451,000000000000000000;3417,000000000000000000;3432,000000000000000000
847;3451,000000000000000000;3417,000000000000000000;3432,000000000000000000
848;3451,000000000000000000;3417,000000000000000000;3432,000000000000000000
849;3451,000000000000000000;3417,000000000000000000;3432,000000000000000000
850;3451,000000000000000000;3417,000000000000000000;3432,000000000000000000
851;3451,000000000000000000;3417,000000000000000000;3432,000000000000000000
852;3451,000000000000000000;3417,000000000000000000;3432,000000000000000000
853;3451,000000000000000000;3417,000000000000000000;3432,000000000000000000
854;3451,000000000000000000;3417,000000000000000000;3432,000000000000000000
855;3451,000000000000000000;3417,000000000000000000;3432,000000000000000000
856;3451,000000000000000000;3417,000000000000000000;3432,000000000000000000
857;3451,000000000000000000;3417,000000000000000000;3432,000000000000000000
858;3451,000000000000000000;3417,000000000000000000;3432,000000000000000000
859;3451,000000000000000000;3417,000000000000000000;3432,000000000000000000
860;3451,000000000000000000;3417,000000000000000000;3432,000000000000000000
861;3451,000000000000000000;3417,000000000000000000;3432,000000000000000000
862;3451,000000000000000000;3417,000000000000000000;3432,000000000000000000
863;3451,000000000000000000;3417,000000000000000000;3432,000000000000000000
864;3451,000000000000000000;3417,000000000000000000;3432,000000000000000000
865;3451,000000000000000000;3417,000000000000000000;3432,000000000000000000
866;3451,000000000000000000;3417,000000000000000000;3432,000000000000000000
867;3451,000000000000000000;3417,000000000000000000;3433,000000000000000000
868;3451,000000000000000000;3417,000000000000000000;3433,000000000000000000
869;3451,000000000000000000;3417,000000000000000000;3433,000000000000000000
870;3451,000000000000000000;3417,000000000000000000;3433,000000000000000000
871;3451,000000000000000000;3417,000000000000000000;3433,000000000000000000
872;3451,000000000000000000;3417,000000000000000000;3433,000000000000000000
873;3451,000000000000000000;3417,000000000000000000;3433,000000000000000000
874;3451,000000000000000000;3417,000000000000000000;3433,000000000000000000
875;3451,000000000000000000;3417,000000000000000000;3433,000000000000000000
876;3451,000000000000000000;3417,000000000000000000;3433,000000000000000000
877;3451,000000000000000000;3417,000000000000000000;3433,000000000000000000
878;3451,000000000000000000;3417,000000000000000000;3433,000000000000000000
879;3451,000000000000000000;3417,000000000000000000;3433,000000000000000000
880;3451,000000000000000000;3417,000000000000000000;3433,000000000000000000
881;3451,000000000000000000;3417,000000000000000000;3433,000000000000000000
882;3451,000000000000000000;3417,000000000000000000;3433,000000000000000000
883;3451,000000000000000000;3417,000000000000000000;3433,000000000000000000
884;3451,000000000000000000;3417,000000000000000000;3433,000000000000000000
885;3451,000000000000000000;3417,000000000000000000;3433,000000000000000000
886;3451,000000000000000000;3417,000000000000000000;3433,000000000000000000
887;3451,000000000000000000;3417,000000000000000000;3433,000000000000000000
888;3451,000000000000000000;3417,000000000000000000;3433,000000000000000000
889;3451,000000000000000000;3417,000000000000000000;3433,000000000000000000
890;3451,000000000000000000;3417,000000000000000000;3433,000000000000000000
891;3451,000000000000000000;3417,000000000000000000;3433,000000000000000000
892;3451,000000000000000000;3417,000000000000000000;3433,000000000000000000
893;3451,000000000000000000;3417,000000000000000000;3433,000000000000000000
894;3451,000000000000000000;3417,000000000000000000;3433,000000000000000000
895;3451,000000000000000000;3417,000000000000000000;3433,000000000000000000
896;3451,000000000000000000;3417,000000000000000000;3433,000000000000000000
897;3451,000000000000000000;3417,000000000000000000;3433,000000000000000000
898;3451,000000000000000000;3417,000000000000000000;3433,000000000000000000
899;3451,000000000000000000;3417,000000000000000000;3433,000000000000000000
900;3451,000000000000000000;3417,000000000000000000;3433,000000000000000000
901;3451,000000000000000000;3417,000000000000000000;3433,000000000000000000
902;3451,000000000000000000;3417,000000000000000000;3433,000000000000000000
903;3451,000000000000000000;3417,000000000000000000;3433,000000000000000000
904;3451,000000000000000000;3417,000000000000000000;3433,000000000000000000
905;3451,000000000000000000;3417,000000000000000000;3433,000000000000000000
906;3451,000000000000000000;3417,000000000000000000;3433,000000000000000000
907;3451,000000000000000000;3417,000000000000000000;3433,000000000000000000
908;3451,000000000000000000;3417,000000000000000000;3433,000000000000000000
909;3451,000000000000000000;3417,000000000000000000;3433,000000000000000000
910;3451,000000000000000000;3417,000000000000000000;3433,000000000000000000
911;3451,000000000000000000;3417,000000000000000000;3433,000000000000000000
912;3451,000000000000000000;3417,000000000000000000;3433,000000000000000000
913;3451,000000000000000000;3417,000000000000000000;3433,000000000000000000
914;3451,000000000000000000;3417,000000000000000000;3433,000000000000000000
915;3451,000000000000000000;3417,000000000000000000;3433,000000000000000000
916;3451,000000000000000000;3417,000000000000000000;3433,000000000000000000
917;3451,000000000000000000;3417,000000000000000000;3433,000000000000000000
918;3451,000000000000000000;3417,000000000000000000;3433,000000000000000000
919;3451,000000000000000000;3417,000000000000000000;3433,000000000000000000
920;3451,000000000000000000;3417,000000000000000000;3433,000000000000000000
921;3451,000000000000000000;3417,000000000000000000;3433,000000000000000000
922;3451,000000000000000000;3417,000000000000000000;3433,000000000000000000
923;3451,000000000000000000;3417,000000000000000000;3433,000000000000000000
924;3451,000000000000000000;3417,000000000000000000;3433,000000000000000000
925;3451,000000000000000000;3417,000000000000000000;3434,000000000000000000
926;3451,000000000000000000;3417,000000000000000000;3434,000000000000000000
927;3451,000000000000000000;3417,000000000000000000;3434,000000000000000000
928;3451,000000000000000000;3417,000000000000000000;3434,000000000000000000
929;3451,000000000000000000;3417,000000000000000000;3434,000000000000000000
930;3451,000000000000000000;3417,000000000000000000;3434,000000000000000000
931;3451,000000000000000000;3417,000000000000000000;3434,000000000000000000
932;3451,000000000000000000;3417,000000000000000000;3434,000000000000000000
933;3451,000000000000000000;3417,000000000000000000;3434,000000000000000000
934;3451,000000000000000000;3417,000000000000000000;3434,000000000000000000
935;3451,000000000000000000;3417,000000000000000000;3434,000000000000000000
936;3451,000000000000000000;3417,000000000000000000;3434,000000000000000000
937;3451,000000000000000000;3417,000000000000000000;3434,000000000000000000
938;3451,000000000000000000;3417,000000000000000000;3434,000000000000000000
939;3451,000000000000000000;3417,000000000000000000;3434,000000000000000000
940;3451,000000000000000000;3417,000000000000000000;3434,000000000000000000
941;3451,000000000000000000;3417,000000000000000000;3434,000000000000000000
942;3451,000000000000000000;3417,000000000000000000;3434,000000000000000000
943;3451,000000000000000000;3417,000000000000000000;3434,000000000000000000
944;3451,000000000000000000;3417,000000000000000000;3434,000000000000000000
945;3451,000000000000000000;3417,000000000000000000;3434,000000000000000000
946;3451,000000000000000000;3417,000000000000000000;3434,000000000000000000
947;3451,000000000000000000;3417,000000000000000000;3434,000000000000000000
948;3451,000000000000000000;3417,000000000000000000;3434,000000000000000000
949;3451,000000000000000000;3417,000000000000000000;3434,000000000000000000
950;3451,000000000000000000;3417,000000000000000000;3434,000000000000000000
951;3451,000000000000000000;3417,000000000000000000;3434,000000000000000000
952;3451,000000000000000000;3417,000000000000000000;3434,000000000000000000
953;3451,000000000000000000;3417,000000000000000000;3434,000000000000000000
954;3451,000000000000000000;3417,000000000000000000;3434,000000000000000000
955;3451,000000000000000000;3417,000000000000000000;3434,000000000000000000
956;3451,000000000000000000;3417,000000000000000000;3435,000000000000000000
957;3451,000000000000000000;3417,000000000000000000;3435,000000000000000000
958;3451,000000000000000000;3417,000000000000000000;3435,000000000000000000
959;3451,000000000000000000;3417,000000000000000000;3435,000000000000000000
960;3451,000000000000000000;3417,000000000000000000;3435,000000000000000000
961;3451,000000000000000000;3417,000000000000000000;3435,000000000000000000
962;3451,000000000000000000;3417,000000000000000000;3435,000000000000000000
963;3451,000000000000000000;3417,000000000000000000;3435,000000000000000000
964;3451,000000000000000000;3417,000000000000000000;3435,000000000000000000
965;3451,000000000000000000;3417,000000000000000000;3435,000000000000000000
966;3451,000000000000000000;3417,000000000000000000;3435,000000000000000000
967;3451,000000000000000000;3417,000000000000000000;3435,000000000000000000
968;3451,000000000000000000;3417,000000000000000000;3435,000000000000000000
969;3451,000000000000000000;3417,000000000000000000;3435,000000000000000000
970;3451,000000000000000000;3417,000000000000000000;3435,000000000000000000
971;3451,000000000000000000;3417,000000000000000000;3435,000000000000000000
972;3451,000000000000000000;3417,000000000000000000;3435,000000000000000000
973;3451,000000000000000000;3417,000000000000000000;3435,000000000000000000
974;3451,000000000000000000;3417,000000000000000000;3435,000000000000000000
975;3451,000000000000000000;3417,000000000000000000;3435,000000000000000000
976;3451,000000000000000000;3417,000000000000000000;3435,000000000000000000
977;3451,000000000000000000;3417,000000000000000000;3435,000000000000000000
978;3451,000000000000000000;3417,000000000000000000;3435,000000000000000000
979;3451,000000000000000000;3417,000000000000000000;3435,000000000000000000
980;3451,000000000000000000;3417,000000000000000000;3435,000000000000000000
981;3451,000000000000000000;3417,000000000000000000;3435,000000000000000000
982;3451,000000000000000000;3417,000000000000000000;3435,000000000000000000
983;3451,000000000000000000;3417,000000000000000000;3435,000000000000000000
984;3451,000000000000000000;3417,000000000000000000;3435,000000000000000000
985;3451,000000000000000000;3417,000000000000000000;3435,000000000000000000
986;3451,000000000000000000;3417,000000000000000000;3435,000000000000000000
987;3451,000000000000000000;3417,000000000000000000;3435,000000000000000000
988;3451,000000000000000000;3417,000000000000000000;3435,000000000000000000
989;3451,000000000000000000;3417,000000000000000000;3435,000000000000000000
990;3451,000000000000000000;3417,000000000000000000;3435,000000000000000000
991;3451,000000000000000000;3417,000000000000000000;3435,000000000000000000
992;3451,000000000000000000;3417,000000000000000000;3435,000000000000000000
993;3451,000000000000000000;3417,000000000000000000;3435,000000000000000000
994;3451,000000000000000000;3417,000000000000000000;3435,000000000000000000
995;3451,000000000000000000;3417,000000000000000000;3435,000000000000000000
996;3451,000000000000000000;3417,000000000000000000;3435,000000000000000000
997;3451,000000000000000000;3417,000000000000000000;3435,000000000000000000
998;3451,000000000000000000;3417,000000000000000000;3435,000000000000000000
999;3451,000000000000000000;3417,000000000000000000;3436,000000000000000000
1000;3451,000000000000000000;3417,000000000000000000;3436,000000000000000000
1001;3451,000000000000000000;3417,000000000000000000;3436,000000000000000000
1002;3451,000000000000000000;3417,000000000000000000;3436,000000000000000000
1003;3451,000000000000000000;3417,000000000000000000;3436,000000000000000000
1004;3451,000000000000000000;3417,000000000000000000;3436,000000000000000000
1005;3451,000000000000000000;3417,000000000000000000;3436,000000000000000000
1006;3451,000000000000000000;3417,000000000000000000;3436,000000000000000000
1007;3451,000000000000000000;3417,000000000000000000;3436,000000000000000000
1008;3451,000000000000000000;3417,000000000000000000;3436,000000000000000000
1009;3451,000000000000000000;3417,000000000000000000;3436,000000000000000000
1010;3451,000000000000000000;3417,000000000000000000;3436,000000000000000000
1011;3451,000000000000000000;3417,000000000000000000;3436,000000000000000000
1012;3451,000000000000000000;3417,000000000000000000;3436,000000000000000000
1013;3451,000000000000000000;3417,000000000000000000;3436,000000000000000000
1014;3451,000000000000000000;3417,000000000000000000;3436,000000000000000000
1015;3451,000000000000000000;3417,000000000000000000;3436,000000000000000000
1016;3451,000000000000000000;3417,000000000000000000;3436,000000000000000000
1017;3451,000000000000000000;3417,000000000000000000;3436,000000000000000000
1018;3451,000000000000000000;3417,000000000000000000;3436,000000000000000000
1019;3451,000000000000000000;3417,000000000000000000;3436,000000000000000000
1020;3451,000000000000000000;3417,000000000000000000;3436,000000000000000000
1021;3451,000000000000000000;3417,000000000000000000;3436,000000000000000000
1022;3451,000000000000000000;3417,000000000000000000;3436,000000000000000000
1023;3451,000000000000000000;3417,000000000000000000;3436,000000000000000000
1024;3451,000000000000000000;3417,000000000000000000;3436,000000000000000000
1025;3451,000000000000000000;3417,000000000000000000;3436,000000000000000000
1026;3451,000000000000000000;3417,000000000000000000;3436,000000000000000000
1027;3451,000000000000000000;3417,000000000000000000;3436,000000000000000000
1028;3451,000000000000000000;3417,000000000000000000;3436,000000000000000000
1029;3451,000000000000000000;3417,000000000000000000;3436,000000000000000000
1030;3451,000000000000000000;3417,000000000000000000;3436,000000000000000000
1031;3451,000000000000000000;3417,000000000000000000;3436,000000000000000000
1032;3451,000000000000000000;3417,000000000000000000;3436,000000000000000000
1033;3451,000000000000000000;3417,000000000000000000;3436,000000000000000000
1034;3451,000000000000000000;3417,000000000000000000;3436,000000000000000000
1035;3451,000000000000000000;3417,000000000000000000;3436,000000000000000000
1036;3451,000000000000000000;3417,000000000000000000;3436,000000000000000000
1037;3451,000000000000000000;3417,000000000000000000;3436,000000000000000000
1038;3451,000000000000000000;3417,000000000000000000;3436,000000000000000000
1039;3451,000000000000000000;3417,000000000000000000;3436,000000000000000000
1040;3451,000000000000000000;3417,000000000000000000;3436,000000000000000000
1041;3451,000000000000000000;3417,000000000000000000;3437,000000000000000000
1042;3451,000000000000000000;3417,000000000000000000;3437,000000000000000000
1043;3451,000000000000000000;3417,000000000000000000;3437,000000000000000000
1044;3451,000000000000000000;3417,000000000000000000;3437,000000000000000000
1045;3451,000000000000000000;3417,000000000000000000;3437,000000000000000000
1046;3451,000000000000000000;3417,000000000000000000;3437,000000000000000000
1047;3451,000000000000000000;3417,000000000000000000;3437,000000000000000000
1048;3451,000000000000000000;3417,000000000000000000;3437,000000000000000000
1049;3451,000000000000000000;3417,000000000000000000;3437,000000000000000000
1050;3451,000000000000000000;3417,000000000000000000;3437,000000000000000000
1051;3451,000000000000000000;3417,000000000000000000;3437,000000000000000000
1052;3451,000000000000000000;3417,000000000000000000;3437,000000000000000000
1053;3451,000000000000000000;3417,000000000000000000;3437,000000000000000000
1054;3451,000000000000000000;3417,000000000000000000;3437,000000000000000000
1055;3451,000000000000000000;3417,000000000000000000;3437,000000000000000000
1056;3451,000000000000000000;3417,000000000000000000;3437,000000000000000000
1057;3451,000000000000000000;3417,000000000000000000;3437,000000000000000000
1058;3451,000000000000000000;3417,000000000000000000;3437,000000000000000000
1059;3451,000000000000000000;3417,000000000000000000;3437,000000000000000000
1060;3451,000000000000000000;3417,000000000000000000;3437,000000000000000000
1061;3451,000000000000000000;3417,000000000000000000;3437,000000000000000000
1062;3451,000000000000000000;3417,000000000000000000;3437,000000000000000000
1063;3451,000000000000000000;3417,000000000000000000;3437,000000000000000000
1064;3451,000000000000000000;3417,000000000000000000;3437,000000000000000000
1065;3451,000000000000000000;3417,000000000000000000;3437,000000000000000000
1066;3451,000000000000000000;3417,000000000000000000;3437,000000000000000000
1067;3451,000000000000000000;3417,000000000000000000;3437,000000000000000000
1068;3451,000000000000000000;3417,000000000000000000;3437,000000000000000000
1069;3451,000000000000000000;3417,000000000000000000;3437,000000000000000000
1070;3451,000000000000000000;3417,000000000000000000;3437,000000000000000000
1071;3451,000000000000000000;3417,000000000000000000;3437,000000000000000000
1072;3451,000000000000000000;3417,000000000000000000;3437,000000000000000000
1073;3451,000000000000000000;3417,000000000000000000;3437,000000000000000000
1074;3451,000000000000000000;3417,000000000000000000;3437,000000000000000000
1075;3451,000000000000000000;3417,000000000000000000;3437,000000000000000000
1076;3451,000000000000000000;3417,000000000000000000;3437,000000000000000000
1077;3451,000000000000000000;3417,000000000000000000;3437,000000000000000000
1078;3451,000000000000000000;3417,000000000000000000;3437,000000000000000000
1079;3451,000000000000000000;3417,000000000000000000;3437,000000000000000000
1080;3451,000000000000000000;3417,000000000000000000;3437,000000000000000000
1081;3451,000000000000000000;3417,000000000000000000;3437,000000000000000000
1082;3451,000000000000000000;3417,000000000000000000;3437,000000000000000000
1083;3451,000000000000000000;3417,000000000000000000;3437,000000000000000000
1084;3451,000000000000000000;3417,000000000000000000;3437,000000000000000000
1085;3451,000000000000000000;3417,000000000000000000;3437,000000000000000000
1086;3451,000000000000000000;3417,000000000000000000;3437,000000000000000000
1087;3451,000000000000000000;3417,000000000000000000;3437,000000000000000000
1088;3451,000000000000000000;3417,000000000000000000;3437,000000000000000000
1089;3451,000000000000000000;3417,000000000000000000;3437,000000000000000000
1090;3451,000000000000000000;3417,000000000000000000;3438,000000000000000000
1091;3451,000000000000000000;3417,000000000000000000;3438,000000000000000000
1092;3451,000000000000000000;3417,000000000000000000;3438,000000000000000000
1093;3451,000000000000000000;3417,000000000000000000;3438,000000000000000000
1094;3451,000000000000000000;3417,000000000000000000;3438,000000000000000000
1095;3451,000000000000000000;3417,000000000000000000;3438,000000000000000000
1096;3451,000000000000000000;3417,000000000000000000;3438,000000000000000000
1097;3451,000000000000000000;3417,000000000000000000;3438,000000000000000000
1098;3451,000000000000000000;3417,000000000000000000;3438,000000000000000000
1099;3451,000000000000000000;3417,000000000000000000;3438,000000000000000000
1100;3451,000000000000000000;3417,000000000000000000;3438,000000000000000000
1101;3451,000000000000000000;3417,000000000000000000;3438,000000000000000000
1102;3451,000000000000000000;3417,000000000000000000;3438,000000000000000000
1103;3451,000000000000000000;3417,000000000000000000;3438,000000000000000000
1104;3451,000000000000000000;3417,000000000000000000;3438,000000000000000000
1105;3451,000000000000000000;3417,000000000000000000;3438,000000000000000000
1106;3451,000000000000000000;3417,000000000000000000;3438,000000000000000000
1107;3451,000000000000000000;3417,000000000000000000;3438,000000000000000000
1108;3451,000000000000000000;3417,000000000000000000;3438,000000000000000000
1109;3451,000000000000000000;3417,000000000000000000;3438,000000000000000000
1110;3451,000000000000000000;3417,000000000000000000;3438,000000000000000000
1111;3451,000000000000000000;3417,000000000000000000;3438,000000000000000000
1112;3451,000000000000000000;3417,000000000000000000;3438,000000000000000000
1113;3451,000000000000000000;3417,000000000000000000;3438,000000000000000000
1114;3451,000000000000000000;3417,000000000000000000;3438,000000000000000000
1115;3451,000000000000000000;3417,000000000000000000;3438,000000000000000000
1116;3451,000000000000000000;3417,000000000000000000;3438,000000000000000000
1117;3451,000000000000000000;3417,000000000000000000;3438,000000000000000000
1118;3451,000000000000000000;3417,000000000000000000;3438,000000000000000000
1119;3451,000000000000000000;3417,000000000000000000;3438,000000000000000000
1120;3451,000000000000000000;3417,000000000000000000;3438,000000000000000000
1121;3451,000000000000000000;3417,000000000000000000;3438,000000000000000000
1122;3451,000000000000000000;3417,000000000000000000;3438,000000000000000000
1123;3451,000000000000000000;3417,000000000000000000;3438,000000000000000000
1124;3451,000000000000000000;3417,000000000000000000;3438,000000000000000000
1125;3451,000000000000000000;3417,000000000000000000;3438,000000000000000000
1126;3451,000000000000000000;3417,000000000000000000;3438,000000000000000000
1127;3451,000000000000000000;3417,000000000000000000;3438,000000000000000000
1128;3451,000000000000000000;3417,000000000000000000;3438,000000000000000000
1129;3451,000000000000000000;3417,000000000000000000;3438,000000000000000000
1130;3451,000000000000000000;3417,000000000000000000;3438,000000000000000000
1131;3451,000000000000000000;3417,000000000000000000;3438,000000000000000000
1132;3451,000000000000000000;3417,000000000000000000;3439,000000000000000000
1133;3451,000000000000000000;3417,000000000000000000;3439,000000000000000000
1134;3451,000000000000000000;3417,000000000000000000;3439,000000000000000000
1135;3451,000000000000000000;3417,000000000000000000;3439,000000000000000000
1136;3451,000000000000000000;3417,000000000000000000;3439,000000000000000000
1137;3451,000000000000000000;3417,000000000000000000;3439,000000000000000000
1138;3451,000000000000000000;3417,000000000000000000;3439,000000000000000000
1139;3451,000000000000000000;3417,000000000000000000;3439,000000000000000000
1140;3451,000000000000000000;3417,000000000000000000;3439,000000000000000000
1141;3451,000000000000000000;3417,000000000000000000;3439,000000000000000000
1142;3451,000000000000000000;3417,000000000000000000;3439,000000000000000000
1143;3451,000000000000000000;3417,000000000000000000;3439,000000000000000000
1144;3451,000000000000000000;3417,000000000000000000;3439,000000000000000000
1145;3451,000000000000000000;3417,000000000000000000;3439,000000000000000000
1146;3451,000000000000000000;3417,000000000000000000;3439,000000000000000000
1147;3451,000000000000000000;3417,000000000000000000;3439,000000000000000000
1148;3451,000000000000000000;3417,000000000000000000;3439,000000000000000000
1149;3451,000000000000000000;3417,000000000000000000;3439,000000000000000000
1150;3451,000000000000000000;3417,000000000000000000;3439,000000000000000000
1151;3451,000000000000000000;3417,000000000000000000;3439,000000000000000000
1152;3451,000000000000000000;3417,000000000000000000;3439,000000000000000000
1153;3451,000000000000000000;3417,000000000000000000;3439,000000000000000000
1154;3451,000000000000000000;3417,000000000000000000;3439,000000000000000000
1155;3451,000000000000000000;3417,000000000000000000;3439,000000000000000000
1156;3451,000000000000000000;3417,000000000000000000;3439,000000000000000000
1157;3451,000000000000000000;3417,000000000000000000;3439,000000000000000000
1158;3451,000000000000000000;3417,000000000000000000;3439,000000000000000000
1159;3451,000000000000000000;3417,000000000000000000;3439,000000000000000000
1160;3451,000000000000000000;3417,000000000000000000;3439,000000000000000000
1161;3451,000000000000000000;3417,000000000000000000;3439,000000000000000000
1162;3451,000000000000000000;3417,000000000000000000;3439,000000000000000000
1163;3451,000000000000000000;3417,000000000000000000;3439,000000000000000000
1164;3451,000000000000000000;3417,000000000000000000;3439,000000000000000000
1165;3451,000000000000000000;3417,000000000000000000;3439,000000000000000000
1166;3451,000000000000000000;3417,000000000000000000;3439,000000000000000000
1167;3451,000000000000000000;3417,000000000000000000;3439,000000000000000000
1168;3451,000000000000000000;3417,000000000000000000;3439,000000000000000000
1169;3451,000000000000000000;3417,000000000000000000;3439,000000000000000000
1170;3451,000000000000000000;3417,000000000000000000;3439,000000000000000000
1171;3451,000000000000000000;3417,000000000000000000;3439,000000000000000000
1172;3451,000000000000000000;3417,000000000000000000;3439,000000000000000000
1173;3451,000000000000000000;3417,000000000000000000;3439,000000000000000000
1174;3451,000000000000000000;3417,000000000000000000;3439,000000000000000000
1175;3451,000000000000000000;3417,000000000000000000;3439,000000000000000000
1176;3451,000000000000000000;3417,000000000000000000;3439,000000000000000000
1177;3451,000000000000000000;3417,000000000000000000;3439,000000000000000000
1178;3451,000000000000000000;3417,000000000000000000;3439,000000000000000000
1179;3451,000000000000000000;3417,000000000000000000;3439,000000000000000000
1180;3451,000000000000000000;3417,000000000000000000;3439,000000000000000000
1181;3451,000000000000000000;3417,000000000000000000;3439,000000000000000000
1182;3451,000000000000000000;3417,000000000000000000;3439,000000000000000000
1183;3451,000000000000000000;3417,000000000000000000;3439,000000000000000000
1184;3451,000000000000000000;3417,000000000000000000;3439,000000000000000000
1185;3451,000000000000000000;3417,000000000000000000;3439,000000000000000000
1186;3451,000000000000000000;3417,000000000000000000;3439,000000000000000000
1187;3451,000000000000000000;3417,000000000000000000;3439,000000000000000000
1188;3451,000000000000000000;3417,000000000000000000;3439,000000000000000000
1189;3451,000000000000000000;3417,000000000000000000;3439,000000000000000000
1190;3451,000000000000000000;3417,000000000000000000;3439,000000000000000000
1191;3451,000000000000000000;3417,000000000000000000;3439,000000000000000000
1192;3451,000000000000000000;3417,000000000000000000;3439,000000000000000000
1193;3451,000000000000000000;3417,000000000000000000;3439,000000000000000000
1194;3451,000000000000000000;3417,000000000000000000;3439,000000000000000000
1195;3451,000000000000000000;3417,000000000000000000;3439,000000000000000000
1196;3451,000000000000000000;3417,000000000000000000;3439,000000000000000000
1197;3451,000000000000000000;3417,000000000000000000;3440,000000000000000000
1198;3451,000000000000000000;3417,000000000000000000;3440,000000000000000000
1199;3451,000000000000000000;3417,000000000000000000;3440,000000000000000000
1200;3451,000000000000000000;3417,000000000000000000;3440,000000000000000000
1201;3451,000000000000000000;3417,000000000000000000;3440,000000000000000000
1202;3451,000000000000000000;3417,000000000000000000;3440,000000000000000000
1203;3451,000000000000000000;3417,000000000000000000;3440,000000000000000000
1204;3451,000000000000000000;3417,000000000000000000;3440,000000000000000000
1205;3451,000000000000000000;3417,000000000000000000;3440,000000000000000000
1206;3451,000000000000000000;3417,000000000000000000;3440,000000000000000000
1207;3451,000000000000000000;3417,000000000000000000;3440,000000000000000000
1208;3451,000000000000000000;3417,000000000000000000;3440,000000000000000000
1209;3451,000000000000000000;3417,000000000000000000;3440,000000000000000000
1210;3451,000000000000000000;3417,000000000000000000;3440,000000000000000000
1211;3451,000000000000000000;3417,000000000000000000;3440,000000000000000000
1212;3451,000000000000000000;3417,000000000000000000;3440,000000000000000000
1213;3451,000000000000000000;3417,000000000000000000;3440,000000000000000000
1214;3451,000000000000000000;3417,000000000000000000;3440,000000000000000000
1215;3451,000000000000000000;3417,000000000000000000;3440,000000000000000000
1216;3451,000000000000000000;3417,000000000000000000;3440,000000000000000000
1217;3451,000000000000000000;3417,000000000000000000;3440,000000000000000000
1218;3451,000000000000000000;3417,000000000000000000;3440,000000000000000000
1219;3451,000000000000000000;3417,000000000000000000;3440,000000000000000000
1220;3451,000000000000000000;3417,000000000000000000;3440,000000000000000000
1221;3451,000000000000000000;3417,000000000000000000;3440,000000000000000000
1222;3451,000000000000000000;3417,000000000000000000;3440,000000000000000000
1223;3451,000000000000000000;3417,000000000000000000;3440,000000000000000000
1224;3451,000000000000000000;3417,000000000000000000;3440,000000000000000000
1225;3451,000000000000000000;3417,000000000000000000;3440,000000000000000000
1226;3451,000000000000000000;3417,000000000000000000;3440,000000000000000000
1227;3451,000000000000000000;3417,000000000000000000;3440,000000000000000000
1228;3451,000000000000000000;3417,000000000000000000;3440,000000000000000000
1229;3451,000000000000000000;3417,000000000000000000;3440,000000000000000000
1230;3451,000000000000000000;3417,000000000000000000;3440,000000000000000000
1231;3451,000000000000000000;3417,000000000000000000;3440,000000000000000000
1232;3451,000000000000000000;3417,000000000000000000;3440,000000000000000000
1233;3451,000000000000000000;3417,000000000000000000;3440,000000000000000000
1234;3451,000000000000000000;3417,000000000000000000;3440,000000000000000000
1235;3451,000000000000000000;3417,000000000000000000;3440,000000000000000000
1236;3451,000000000000000000;3417,000000000000000000;3440,000000000000000000
1237;3451,000000000000000000;3417,000000000000000000;3440,000000000000000000
1238;3451,000000000000000000;3417,000000000000000000;3440,000000000000000000
1239;3451,000000000000000000;3417,000000000000000000;3440,000000000000000000
1240;3451,000000000000000000;3417,000000000000000000;3440,000000000000000000
1241;3451,000000000000000000;3417,000000000000000000;3440,000000000000000000
1242;3451,000000000000000000;3417,000000000000000000;3440,000000000000000000
1243;3451,000000000000000000;3417,000000000000000000;3440,000000000000000000
1244;3451,000000000000000000;3417,000000000000000000;3440,000000000000000000
1245;3451,000000000000000000;3417,000000000000000000;3440,000000000000000000
1246;3451,000000000000000000;3417,000000000000000000;3440,000000000000000000
1247;3451,000000000000000000;3417,000000000000000000;3440,000000000000000000
1248;3451,000000000000000000;3417,000000000000000000;3440,000000000000000000
1249;3451,000000000000000000;3417,000000000000000000;3441,000000000000000000
1250;3451,000000000000000000;3417,000000000000000000;3441,000000000000000000
1251;3451,000000000000000000;3417,000000000000000000;3441,000000000000000000
1252;3451,000000000000000000;3417,000000000000000000;3441,000000000000000000
1253;3451,000000000000000000;3417,000000000000000000;3441,000000000000000000
1254;3451,000000000000000000;3417,000000000000000000;3441,000000000000000000
1255;3451,000000000000000000;3417,000000000000000000;3441,000000000000000000
1256;3451,000000000000000000;3417,000000000000000000;3441,000000000000000000
1257;3451,000000000000000000;3417,000000000000000000;3441,000000000000000000
1258;3451,000000000000000000;3417,000000000000000000;3441,000000000000000000
1259;3451,000000000000000000;3417,000000000000000000;3441,000000000000000000
1260;3451,000000000000000000;3417,000000000000000000;3441,000000000000000000
1261;3451,000000000000000000;3417,000000000000000000;3441,000000000000000000
1262;3451,000000000000000000;3417,000000000000000000;3441,000000000000000000
1263;3451,000000000000000000;3417,000000000000000000;3441,000000000000000000
1264;3451,000000000000000000;3417,000000000000000000;3441,000000000000000000
1265;3451,000000000000000000;3417,000000000000000000;3441,000000000000000000
1266;3451,000000000000000000;3417,000000000000000000;3441,000000000000000000
1267;3451,000000000000000000;3417,000000000000000000;3441,000000000000000000
1268;3451,000000000000000000;3417,000000000000000000;3441,000000000000000000
1269;3451,000000000000000000;3417,000000000000000000;3441,000000000000000000
1270;3451,000000000000000000;3417,000000000000000000;3441,000000000000000000
1271;3451,000000000000000000;3417,000000000000000000;3441,000000000000000000
1272;3451,000000000000000000;3417,000000000000000000;3441,000000000000000000
1273;3451,000000000000000000;3417,000000000000000000;3441,000000000000000000
1274;3451,000000000000000000;3417,000000000000000000;3441,000000000000000000
1275;3451,000000000000000000;3417,000000000000000000;3441,000000000000000000
1276;3451,000000000000000000;3417,000000000000000000;3441,000000000000000000
1277;3451,000000000000000000;3417,000000000000000000;3441,000000000000000000
1278;3451,000000000000000000;3417,000000000000000000;3441,000000000000000000
1279;3451,000000000000000000;3417,000000000000000000;3441,000000000000000000
1280;3451,000000000000000000;3417,000000000000000000;3441,000000000000000000
1281;3451,000000000000000000;3417,000000000000000000;3441,000000000000000000
1282;3451,000000000000000000;3417,000000000000000000;3441,000000000000000000
1283;3451,000000000000000000;3417,000000000000000000;3441,000000000000000000
1284;3451,000000000000000000;3417,000000000000000000;3441,000000000000000000
1285;3451,000000000000000000;3417,000000000000000000;3441,000000000000000000
1286;3451,000000000000000000;3417,000000000000000000;3441,000000000000000000
1287;3451,000000000000000000;3417,000000000000000000;3441,000000000000000000
1288;3451,000000000000000000;3417,000000000000000000;3441,000000000000000000
1289;3451,000000000000000000;3417,000000000000000000;3441,000000000000000000
1290;3451,000000000000000000;3417,000000000000000000;3441,000000000000000000
1291;3451,000000000000000000;3417,000000000000000000;3441,000000000000000000
1292;3451,000000000000000000;3417,000000000000000000;3441,000000000000000000
1293;3451,000000000000000000;3417,000000000000000000;3441,000000000000000000
1294;3451,000000000000000000;3417,000000000000000000;3441,000000000000000000
1295;3451,000000000000000000;3417,000000000000000000;3441,000000000000000000
1296;3451,000000000000000000;3417,000000000000000000;3441,000000000000000000
1297;3451,000000000000000000;3417,000000000000000000;3441,000000000000000000
1298;3451,000000000000000000;3417,000000000000000000;3441,000000000000000000
1299;3451,000000000000000000;3417,000000000000000000;3441,000000000000000000
1300;3451,000000000000000000;3417,000000000000000000;3441,000000000000000000
1301;3451,000000000000000000;3417,000000000000000000;3441,000000000000000000
1302;3451,000000000000000000;3417,000000000000000000;3441,000000000000000000
1303;3451,000000000000000000;3417,000000000000000000;3441,000000000000000000
1304;3451,000000000000000000;3417,000000000000000000;3441,000000000000000000
1305;3451,000000000000000000;3417,000000000000000000;3441,000000000000000000
1306;3451,000000000000000000;3417,000000000000000000;3441,000000000000000000
1307;3451,000000000000000000;3417,000000000000000000;3441,000000000000000000
1308;3451,000000000000000000;3417,000000000000000000;3441,000000000000000000
1309;3451,000000000000000000;3417,000000000000000000;3441,000000000000000000
1310;3451,000000000000000000;3417,000000000000000000;3441,000000000000000000
1311;3451,000000000000000000;3417,000000000000000000;3441,000000000000000000
1312;3451,000000000000000000;3417,000000000000000000;3441,000000000000000000
1313;3451,000000000000000000;3417,000000000000000000;3441,000000000000000000
1314;3451,000000000000000000;3417,000000000000000000;3441,000000000000000000
1315;3451,000000000000000000;3417,000000000000000000;3441,000000000000000000
1316;3451,000000000000000000;3417,000000000000000000;3442,000000000000000000
1317;3451,000000000000000000;3417,000000000000000000;3442,000000000000000000
1318;3451,000000000000000000;3417,000000000000000000;3442,000000000000000000
1319;3451,000000000000000000;3417,000000000000000000;3442,000000000000000000
1320;3451,000000000000000000;3417,000000000000000000;3442,000000000000000000
1321;3451,000000000000000000;3417,000000000000000000;3442,000000000000000000
1322;3451,000000000000000000;3417,000000000000000000;3442,000000000000000000
1323;3451,000000000000000000;3417,000000000000000000;3442,000000000000000000
1324;3451,000000000000000000;3417,000000000000000000;3442,000000000000000000
1325;3451,000000000000000000;3417,000000000000000000;3442,000000000000000000
1326;3451,000000000000000000;3417,000000000000000000;3442,000000000000000000
1327;3451,000000000000000000;3417,000000000000000000;3442,000000000000000000
1328;3451,000000000000000000;3417,000000000000000000;3442,000000000000000000
1329;3451,000000000000000000;3417,000000000000000000;3442,000000000000000000
1330;3451,000000000000000000;3417,000000000000000000;3442,000000000000000000
1331;3451,000000000000000000;3417,000000000000000000;3442,000000000000000000
1332;3451,000000000000000000;3417,000000000000000000;3442,000000000000000000
1333;3451,000000000000000000;3417,000000000000000000;3442,000000000000000000
1334;3451,000000000000000000;3417,000000000000000000;3442,000000000000000000
1335;3451,000000000000000000;3417,000000000000000000;3442,000000000000000000
1336;3451,000000000000000000;3417,000000000000000000;3442,000000000000000000
1337;3451,000000000000000000;3417,000000000000000000;3442,000000000000000000
1338;3451,000000000000000000;3417,000000000000000000;3442,000000000000000000
1339;3451,000000000000000000;3417,000000000000000000;3442,000000000000000000
1340;3451,000000000000000000;3417,000000000000000000;3442,000000000000000000
1341;3451,000000000000000000;3417,000000000000000000;3442,000000000000000000
1342;3451,000000000000000000;3417,000000000000000000;3442,000000000000000000
1343;3451,000000000000000000;3417,000000000000000000;3442,000000000000000000
1344;3451,000000000000000000;3417,000000000000000000;3442,000000000000000000
1345;3451,000000000000000000;3417,000000000000000000;3442,000000000000000000
1346;3451,000000000000000000;3417,000000000000000000;3442,000000000000000000
1347;3451,000000000000000000;3417,000000000000000000;3442,000000000000000000
1348;3451,000000000000000000;3417,000000000000000000;3442,000000000000000000
1349;3451,000000000000000000;3417,000000000000000000;3442,000000000000000000
1350;3451,000000000000000000;3417,000000000000000000;3442,000000000000000000
1351;3451,000000000000000000;3417,000000000000000000;3442,000000000000000000
1352;3451,000000000000000000;3417,000000000000000000;3442,000000000000000000
1353;3451,000000000000000000;3417,000000000000000000;3442,000000000000000000
1354;3451,000000000000000000;3417,000000000000000000;3442,000000000000000000
1355;3451,000000000000000000;3417,000000000000000000;3442,000000000000000000
1356;3451,000000000000000000;3417,000000000000000000;3442,000000000000000000
1357;3451,000000000000000000;3417,000000000000000000;3442,000000000000000000
1358;3451,000000000000000000;3417,000000000000000000;3442,000000000000000000
1359;3451,000000000000000000;3417,000000000000000000;3442,000000000000000000
1360;3451,000000000000000000;3417,000000000000000000;3442,000000000000000000
1361;3451,000000000000000000;3417,000000000000000000;3442,000000000000000000
1362;3451,000000000000000000;3417,000000000000000000;3442,000000000000000000
1363;3451,000000000000000000;3417,000000000000000000;3442,000000000000000000
1364;3451,000000000000000000;3417,000000000000000000;3442,000000000000000000
1365;3451,000000000000000000;3417,000000000000000000;3442,000000000000000000
1366;3451,000000000000000000;3417,000000000000000000;3442,000000000000000000
1367;3451,000000000000000000;3417,000000000000000000;3442,000000000000000000
1368;3451,000000000000000000;3417,000000000000000000;3442,000000000000000000
1369;3451,000000000000000000;3417,000000000000000000;3442,000000000000000000
1370;3451,000000000000000000;3417,000000000000000000;3442,000000000000000000
1371;3451,000000000000000000;3417,000000000000000000;3442,000000000000000000
1372;3451,000000000000000000;3417,000000000000000000;3442,000000000000000000
1373;3451,000000000000000000;3417,000000000000000000;3442,000000000000000000
1374;3451,000000000000000000;3417,000000000000000000;3442,000000000000000000
1375;3451,000000000000000000;3417,000000000000000000;3442,000000000000000000
1376;3451,000000000000000000;3417,000000000000000000;3442,000000000000000000
1377;3451,000000000000000000;3417,000000000000000000;3442,000000000000000000
1378;3451,000000000000000000;3417,000000000000000000;3442,000000000000000000
1379;3451,000000000000000000;3417,000000000000000000;3442,000000000000000000
1380;3451,000000000000000000;3417,000000000000000000;3442,000000000000000000
1381;3451,000000000000000000;3417,000000000000000000;3442,000000000000000000
1382;3451,000000000000000000;3417,000000000000000000;3442,000000000000000000
1383;3451,000000000000000000;3417,000000000000000000;3442,000000000000000000
1384;3451,000000000000000000;3417,000000000000000000;3442,000000000000000000
1385;3451,000000000000000000;3417,000000000000000000;3442,000000000000000000
1386;3451,000000000000000000;3417,000000000000000000;3442,000000000000000000
1387;3451,000000000000000000;3417,000000000000000000;3442,000000000000000000
1388;3451,000000000000000000;3417,000000000000000000;3442,000000000000000000
1389;3451,000000000000000000;3417,000000000000000000;3442,000000000000000000
1390;3451,000000000000000000;3417,000000000000000000;3442,000000000000000000
1391;3451,000000000000000000;3417,000000000000000000;3442,000000000000000000
1392;3451,000000000000000000;3417,000000000000000000;3442,000000000000000000
1393;3451,000000000000000000;3417,000000000000000000;3442,000000000000000000
1394;3451,000000000000000000;3417,000000000000000000;3442,000000000000000000
1395;3451,000000000000000000;3417,000000000000000000;3442,000000000000000000
1396;3451,000000000000000000;3417,000000000000000000;3442,000000000000000000
1397;3451,000000000000000000;3417,000000000000000000;3443,000000000000000000
1398;3451,000000000000000000;3417,000000000000000000;3443,000000000000000000
1399;3451,000000000000000000;3417,000000000000000000;3443,000000000000000000
1400;3451,000000000000000000;3417,000000000000000000;3443,000000000000000000
1401;3451,000000000000000000;3417,000000000000000000;3443,000000000000000000
1402;3451,000000000000000000;3417,000000000000000000;3443,000000000000000000
1403;3451,000000000000000000;3417,000000000000000000;3443,000000000000000000
1404;3451,000000000000000000;3417,000000000000000000;3443,000000000000000000
1405;3451,000000000000000000;3417,000000000000000000;3443,000000000000000000
1406;3451,000000000000000000;3417,000000000000000000;3443,000000000000000000
1407;3451,000000000000000000;3417,000000000000000000;3443,000000000000000000
1408;3451,000000000000000000;3417,000000000000000000;3443,000000000000000000
1409;3451,000000000000000000;3417,000000000000000000;3443,000000000000000000
1410;3451,000000000000000000;3417,000000000000000000;3443,000000000000000000
1411;3451,000000000000000000;3417,000000000000000000;3443,000000000000000000
1412;3451,000000000000000000;3417,000000000000000000;3443,000000000000000000
1413;3451,000000000000000000;3417,000000000000000000;3443,000000000000000000
1414;3451,000000000000000000;3417,000000000000000000;3443,000000000000000000
1415;3451,000000000000000000;3417,000000000000000000;3443,000000000000000000
1416;3451,000000000000000000;3417,000000000000000000;3443,000000000000000000
1417;3451,000000000000000000;3417,000000000000000000;3443,000000000000000000
1418;3451,000000000000000000;3417,000000000000000000;3443,000000000000000000
1419;3451,000000000000000000;3417,000000000000000000;3443,000000000000000000
1420;3451,000000000000000000;3417,000000000000000000;3443,000000000000000000
1421;3451,000000000000000000;3417,000000000000000000;3443,000000000000000000
1422;3451,000000000000000000;3417,000000000000000000;3443,000000000000000000
1423;3451,000000000000000000;3417,000000000000000000;3443,000000000000000000
1424;3451,000000000000000000;3417,000000000000000000;3443,000000000000000000
1425;3451,000000000000000000;3417,000000000000000000;3443,000000000000000000
1426;3451,000000000000000000;3417,000000000000000000;3443,000000000000000000
1427;3451,000000000000000000;3417,000000000000000000;3443,000000000000000000
1428;3451,000000000000000000;3417,000000000000000000;3443,000000000000000000
1429;3451,000000000000000000;3417,000000000000000000;3443,000000000000000000
1430;3451,000000000000000000;3417,000000000000000000;3443,000000000000000000
1431;3451,000000000000000000;3417,000000000000000000;3443,000000000000000000
1432;3451,000000000000000000;3417,000000000000000000;3443,000000000000000000
1433;3451,000000000000000000;3417,000000000000000000;3443,000000000000000000
1434;3451,000000000000000000;3417,000000000000000000;3443,000000000000000000
1435;3451,000000000000000000;3417,000000000000000000;3443,000000000000000000
1436;3451,000000000000000000;3417,000000000000000000;3443,000000000000000000
1437;3451,000000000000000000;3417,000000000000000000;3443,000000000000000000
1438;3451,000000000000000000;3417,000000000000000000;3443,000000000000000000
1439;3451,000000000000000000;3417,000000000000000000;3443,000000000000000000
1440;3451,000000000000000000;3417,000000000000000000;3443,000000000000000000
1441;3451,000000000000000000;3417,000000000000000000;3443,000000000000000000
1442;3451,000000000000000000;3417,000000000000000000;3443,000000000000000000
1443;3451,000000000000000000;3417,000000000000000000;3443,000000000000000000
1444;3451,000000000000000000;3417,000000000000000000;3443,000000000000000000
1445;3451,000000000000000000;3417,000000000000000000;3443,000000000000000000
1446;3451,000000000000000000;3417,000000000000000000;3443,000000000000000000
1447;3451,000000000000000000;3417,000000000000000000;3443,000000000000000000
1448;3451,000000000000000000;3417,000000000000000000;3443,000000000000000000
1449;3451,000000000000000000;3417,000000000000000000;3443,000000000000000000
1450;3451,000000000000000000;3417,000000000000000000;3443,000000000000000000
1451;3451,000000000000000000;3417,000000000000000000;3443,000000000000000000
1452;3451,000000000000000000;3417,000000000000000000;3443,000000000000000000
1453;3451,000000000000000000;3417,000000000000000000;3443,000000000000000000
1454;3451,000000000000000000;3417,000000000000000000;3443,000000000000000000
1455;3451,000000000000000000;3417,000000000000000000;3443,000000000000000000
1456;3451,000000000000000000;3417,000000000000000000;3443,000000000000000000
1457;3451,000000000000000000;3417,000000000000000000;3443,000000000000000000
1458;3451,000000000000000000;3417,000000000000000000;3443,000000000000000000
1459;3451,000000000000000000;3417,000000000000000000;3443,000000000000000000
1460;3451,000000000000000000;3417,000000000000000000;3443,000000000000000000
1461;3451,000000000000000000;3417,000000000000000000;3443,000000000000000000
1462;3451,000000000000000000;3417,000000000000000000;3443,000000000000000000
1463;3451,000000000000000000;3417,000000000000000000;3443,000000000000000000
1464;3451,000000000000000000;3417,000000000000000000;3443,000000000000000000
1465;3451,000000000000000000;3417,000000000000000000;3443,000000000000000000
1466;3451,000000000000000000;3417,000000000000000000;3443,000000000000000000
1467;3451,000000000000000000;3417,000000000000000000;3443,000000000000000000
1468;3451,000000000000000000;3417,000000000000000000;3443,000000000000000000
1469;3451,000000000000000000;3417,000000000000000000;3443,000000000000000000
1470;3451,000000000000000000;3417,000000000000000000;3444,000000000000000000
1471;3451,000000000000000000;3417,000000000000000000;3444,000000000000000000
1472;3451,000000000000000000;3417,000000000000000000;3444,000000000000000000
1473;3451,000000000000000000;3417,000000000000000000;3444,000000000000000000
1474;3451,000000000000000000;3417,000000000000000000;3444,000000000000000000
1475;3451,000000000000000000;3417,000000000000000000;3444,000000000000000000
1476;3451,000000000000000000;3417,000000000000000000;3444,000000000000000000
1477;3451,000000000000000000;3417,000000000000000000;3444,000000000000000000
1478;3451,000000000000000000;3417,000000000000000000;3444,000000000000000000
1479;3451,000000000000000000;3417,000000000000000000;3444,000000000000000000
1480;3451,000000000000000000;3417,000000000000000000;3444,000000000000000000
1481;3451,000000000000000000;3417,000000000000000000;3444,000000000000000000
1482;3451,000000000000000000;3417,000000000000000000;3444,000000000000000000
1483;3451,000000000000000000;3417,000000000000000000;3444,000000000000000000
1484;3451,000000000000000000;3417,000000000000000000;3444,000000000000000000
1485;3451,000000000000000000;3417,000000000000000000;3444,000000000000000000
1486;3451,000000000000000000;3417,000000000000000000;3444,000000000000000000
1487;3451,000000000000000000;3417,000000000000000000;3444,000000000000000000
1488;3451,000000000000000000;3417,000000000000000000;3444,000000000000000000
1489;3451,000000000000000000;3417,000000000000000000;3444,000000000000000000
1490;3451,000000000000000000;3417,000000000000000000;3444,000000000000000000
1491;3451,000000000000000000;3417,000000000000000000;3444,000000000000000000
1492;3451,000000000000000000;3417,000000000000000000;3444,000000000000000000
1493;3451,000000000000000000;3417,000000000000000000;3444,000000000000000000
1494;3451,000000000000000000;3417,000000000000000000;3444,000000000000000000
1495;3451,000000000000000000;3417,000000000000000000;3444,000000000000000000
1496;3451,000000000000000000;3417,000000000000000000;3444,000000000000000000
1497;3451,000000000000000000;3417,000000000000000000;3444,000000000000000000
1498;3451,000000000000000000;3417,000000000000000000;3444,000000000000000000
1499;3451,000000000000000000;3417,000000000000000000;3444,000000000000000000
1500;3451,000000000000000000;3417,000000000000000000;3444,000000000000000000
1501;3451,000000000000000000;3417,000000000000000000;3444,000000000000000000
1502;3451,000000000000000000;3417,000000000000000000;3444,000000000000000000
1503;3451,000000000000000000;3417,000000000000000000;3444,000000000000000000
1504;3451,000000000000000000;3417,000000000000000000;3444,000000000000000000
1505;3451,000000000000000000;3417,000000000000000000;3444,000000000000000000
1506;3451,000000000000000000;3417,000000000000000000;3444,000000000000000000
1507;3451,000000000000000000;3417,000000000000000000;3444,000000000000000000
1508;3451,000000000000000000;3417,000000000000000000;3444,000000000000000000
1509;3451,000000000000000000;3417,000000000000000000;3444,000000000000000000
1510;3451,000000000000000000;3417,000000000000000000;3444,000000000000000000
1511;3451,000000000000000000;3417,000000000000000000;3444,000000000000000000
1512;3451,000000000000000000;3417,000000000000000000;3444,000000000000000000
1513;3451,000000000000000000;3417,000000000000000000;3444,000000000000000000
1514;3451,000000000000000000;3417,000000000000000000;3444,000000000000000000
1515;3451,000000000000000000;3417,000000000000000000;3444,000000000000000000
1516;3451,000000000000000000;3417,000000000000000000;3444,000000000000000000
1517;3451,000000000000000000;3417,000000000000000000;3444,000000000000000000
1518;3451,000000000000000000;3417,000000000000000000;3444,000000000000000000
1519;3451,000000000000000000;3417,000000000000000000;3444,000000000000000000
1520;3451,000000000000000000;3417,000000000000000000;3444,000000000000000000
1521;3451,000000000000000000;3417,000000000000000000;3444,000000000000000000
1522;3451,000000000000000000;3417,000000000000000000;3444,000000000000000000
1523;3451,000000000000000000;3417,000000000000000000;3444,000000000000000000
1524;3451,000000000000000000;3417,000000000000000000;3444,000000000000000000
1525;3451,000000000000000000;3417,000000000000000000;3444,000000000000000000
1526;3451,000000000000000000;3417,000000000000000000;3444,000000000000000000
1527;3451,000000000000000000;3417,000000000000000000;3444,000000000000000000
1528;3451,000000000000000000;3417,000000000000000000;3444,000000000000000000
1529;3451,000000000000000000;3417,000000000000000000;3444,000000000000000000
1530;3451,000000000000000000;3417,000000000000000000;3444,000000000000000000
1531;3451,000000000000000000;3417,000000000000000000;3444,000000000000000000
1532;3451,000000000000000000;3417,000000000000000000;3444,000000000000000000
1533;3451,000000000000000000;3417,000000000000000000;3444,000000000000000000
1534;3451,000000000000000000;3417,000000000000000000;3444,000000000000000000
1535;3451,000000000000000000;3417,000000000000000000;3444,000000000000000000
1536;3451,000000000000000000;3417,000000000000000000;3444,000000000000000000
1537;3451,000000000000000000;3417,000000000000000000;3444,000000000000000000
1538;3451,000000000000000000;3417,000000000000000000;3444,000000000000000000
1539;3451,000000000000000000;3417,000000000000000000;3444,000000000000000000
1540;3451,000000000000000000;3417,000000000000000000;3444,000000000000000000
1541;3451,000000000000000000;3417,000000000000000000;3444,000000000000000000
1542;3451,000000000000000000;3417,000000000000000000;3444,000000000000000000
1543;3451,000000000000000000;3417,000000000000000000;3444,000000000000000000
1544;3451,000000000000000000;3417,000000000000000000;3444,000000000000000000
1545;3451,000000000000000000;3417,000000000000000000;3444,000000000000000000
1546;3451,000000000000000000;3417,000000000000000000;3444,000000000000000000
1547;3451,000000000000000000;3417,000000000000000000;3444,000000000000000000
1548;3451,000000000000000000;3417,000000000000000000;3444,000000000000000000
1549;3451,000000000000000000;3417,000000000000000000;3445,000000000000000000
1550;3451,000000000000000000;3417,000000000000000000;3445,000000000000000000
1551;3451,000000000000000000;3417,000000000000000000;3445,000000000000000000
1552;3451,000000000000000000;3417,000000000000000000;3445,000000000000000000
1553;3451,000000000000000000;3417,000000000000000000;3445,000000000000000000
1554;3451,000000000000000000;3417,000000000000000000;3445,000000000000000000
1555;3451,000000000000000000;3417,000000000000000000;3445,000000000000000000
1556;3451,000000000000000000;3417,000000000000000000;3445,000000000000000000
1557;3451,000000000000000000;3417,000000000000000000;3445,000000000000000000
1558;3451,000000000000000000;3417,000000000000000000;3445,000000000000000000
1559;3451,000000000000000000;3417,000000000000000000;3445,000000000000000000
1560;3451,000000000000000000;3417,000000000000000000;3445,000000000000000000
1561;3451,000000000000000000;3417,000000000000000000;3445,000000000000000000
1562;3451,000000000000000000;3417,000000000000000000;3445,000000000000000000
1563;3451,000000000000000000;3417,000000000000000000;3445,000000000000000000
1564;3451,000000000000000000;3417,000000000000000000;3445,000000000000000000
1565;3451,000000000000000000;3417,000000000000000000;3445,000000000000000000
1566;3451,000000000000000000;3417,000000000000000000;3445,000000000000000000
1567;3451,000000000000000000;3417,000000000000000000;3445,000000000000000000
1568;3451,000000000000000000;3417,000000000000000000;3445,000000000000000000
1569;3451,000000000000000000;3417,000000000000000000;3445,000000000000000000
1570;3451,000000000000000000;3417,000000000000000000;3445,000000000000000000
1571;3451,000000000000000000;3417,000000000000000000;3445,000000000000000000
1572;3451,000000000000000000;3417,000000000000000000;3445,000000000000000000
1573;3451,000000000000000000;3417,000000000000000000;3445,000000000000000000
1574;3451,000000000000000000;3417,000000000000000000;3445,000000000000000000
1575;3451,000000000000000000;3417,000000000000000000;3445,000000000000000000
1576;3451,000000000000000000;3417,000000000000000000;3445,000000000000000000
1577;3451,000000000000000000;3417,000000000000000000;3445,000000000000000000
1578;3451,000000000000000000;3417,000000000000000000;3445,000000000000000000
1579;3451,000000000000000000;3417,000000000000000000;3445,000000000000000000
1580;3451,000000000000000000;3417,000000000000000000;3445,000000000000000000
1581;3451,000000000000000000;3417,000000000000000000;3445,000000000000000000
1582;3451,000000000000000000;3417,000000000000000000;3445,000000000000000000
1583;3451,000000000000000000;3417,000000000000000000;3445,000000000000000000
1584;3451,000000000000000000;3417,000000000000000000;3445,000000000000000000
1585;3451,000000000000000000;3417,000000000000000000;3445,000000000000000000
1586;3451,000000000000000000;3417,000000000000000000;3445,000000000000000000
1587;3451,000000000000000000;3417,000000000000000000;3445,000000000000000000
1588;3451,000000000000000000;3417,000000000000000000;3445,000000000000000000
1589;3451,000000000000000000;3417,000000000000000000;3445,000000000000000000
1590;3451,000000000000000000;3417,000000000000000000;3445,000000000000000000
1591;3451,000000000000000000;3417,000000000000000000;3446,000000000000000000
1592;3451,000000000000000000;3417,000000000000000000;3446,000000000000000000
1593;3451,000000000000000000;3417,000000000000000000;3446,000000000000000000
1594;3451,000000000000000000;3417,000000000000000000;3446,000000000000000000
1595;3451,000000000000000000;3417,000000000000000000;3446,000000000000000000
1596;3451,000000000000000000;3417,000000000000000000;3446,000000000000000000
1597;3451,000000000000000000;3417,000000000000000000;3446,000000000000000000
1598;3451,000000000000000000;3417,000000000000000000;3446,000000000000000000
1599;3451,000000000000000000;3417,000000000000000000;3446,000000000000000000
1600;3451,000000000000000000;3417,000000000000000000;3446,000000000000000000
1601;3451,000000000000000000;3417,000000000000000000;3446,000000000000000000
1602;3451,000000000000000000;3417,000000000000000000;3446,000000000000000000
1603;3451,000000000000000000;3417,000000000000000000;3446,000000000000000000
1604;3451,000000000000000000;3417,000000000000000000;3446,000000000000000000
1605;3451,000000000000000000;3417,000000000000000000;3446,000000000000000000
1606;3451,000000000000000000;3417,000000000000000000;3446,000000000000000000
1607;3451,000000000000000000;3417,000000000000000000;3446,000000000000000000
1608;3451,000000000000000000;3417,000000000000000000;3446,000000000000000000
1609;3451,000000000000000000;3417,000000000000000000;3446,000000000000000000
1610;3451,000000000000000000;3417,000000000000000000;3446,000000000000000000
1611;3451,000000000000000000;3417,000000000000000000;3446,000000000000000000
1612;3451,000000000000000000;3417,000000000000000000;3446,000000000000000000
1613;3451,000000000000000000;3417,000000000000000000;3446,000000000000000000
1614;3451,000000000000000000;3417,000000000000000000;3446,000000000000000000
1615;3451,000000000000000000;3417,000000000000000000;3446,000000000000000000
1616;3451,000000000000000000;3417,000000000000000000;3446,000000000000000000
1617;3451,000000000000000000;3417,000000000000000000;3446,000000000000000000
1618;3451,000000000000000000;3417,000000000000000000;3446,000000000000000000
1619;3451,000000000000000000;3417,000000000000000000;3446,000000000000000000
1620;3451,000000000000000000;3417,000000000000000000;3446,000000000000000000
1621;3451,000000000000000000;3417,000000000000000000;3446,000000000000000000
1622;3451,000000000000000000;3417,000000000000000000;3446,000000000000000000
1623;3451,000000000000000000;3417,000000000000000000;3446,000000000000000000
1624;3451,000000000000000000;3417,000000000000000000;3446,000000000000000000
1625;3451,000000000000000000;3417,000000000000000000;3446,000000000000000000
1626;3451,000000000000000000;3417,000000000000000000;3446,000000000000000000
1627;3451,000000000000000000;3417,000000000000000000;3446,000000000000000000
1628;3451,000000000000000000;3417,000000000000000000;3446,000000000000000000
1629;3451,000000000000000000;3417,000000000000000000;3446,000000000000000000
1630;3451,000000000000000000;3417,000000000000000000;3446,000000000000000000
1631;3451,000000000000000000;3417,000000000000000000;3446,000000000000000000
1632;3451,000000000000000000;3417,000000000000000000;3446,000000000000000000
1633;3451,000000000000000000;3417,000000000000000000;3446,000000000000000000
1634;3451,000000000000000000;3417,000000000000000000;3446,000000000000000000
1635;3451,000000000000000000;3417,000000000000000000;3446,000000000000000000
1636;3451,000000000000000000;3417,000000000000000000;3446,000000000000000000
1637;3451,000000000000000000;3417,000000000000000000;3446,000000000000000000
1638;3451,000000000000000000;3417,000000000000000000;3446,000000000000000000
1639;3451,000000000000000000;3417,000000000000000000;3446,000000000000000000
1640;3451,000000000000000000;3417,000000000000000000;3446,000000000000000000
1641;3451,000000000000000000;3417,000000000000000000;3446,000000000000000000
1642;3451,000000000000000000;3417,000000000000000000;3446,000000000000000000
1643;3451,000000000000000000;3417,000000000000000000;3446,000000000000000000
1644;3451,000000000000000000;3417,000000000000000000;3446,000000000000000000
1645;3451,000000000000000000;3417,000000000000000000;3446,000000000000000000
1646;3451,000000000000000000;3417,000000000000000000;3446,000000000000000000
1647;3451,000000000000000000;3417,000000000000000000;3446,000000000000000000
1648;3451,000000000000000000;3417,000000000000000000;3446,000000000000000000
1649;3451,000000000000000000;3417,000000000000000000;3446,000000000000000000
1650;3451,000000000000000000;3417,000000000000000000;3446,000000000000000000
1651;3451,000000000000000000;3417,000000000000000000;3446,000000000000000000
1652;3451,000000000000000000;3417,000000000000000000;3446,000000000000000000
1653;3451,000000000000000000;3417,000000000000000000;3446,000000000000000000
1654;3451,000000000000000000;3417,000000000000000000;3446,000000000000000000
1655;3451,000000000000000000;3417,000000000000000000;3446,000000000000000000
1656;3451,000000000000000000;3417,000000000000000000;3446,000000000000000000
1657;3451,000000000000000000;3417,000000000000000000;3446,000000000000000000
1658;3451,000000000000000000;3417,000000000000000000;3447,000000000000000000
1659;3451,000000000000000000;3417,000000000000000000;3447,000000000000000000
1660;3451,000000000000000000;3417,000000000000000000;3447,000000000000000000
1661;3451,000000000000000000;3417,000000000000000000;3447,000000000000000000
1662;3451,000000000000000000;3417,000000000000000000;3447,000000000000000000
1663;3451,000000000000000000;3417,000000000000000000;3447,000000000000000000
1664;3451,000000000000000000;3417,000000000000000000;3447,000000000000000000
1665;3451,000000000000000000;3417,000000000000000000;3447,000000000000000000
1666;3451,000000000000000000;3417,000000000000000000;3447,000000000000000000
1667;3451,000000000000000000;3417,000000000000000000;3447,000000000000000000
1668;3451,000000000000000000;3417,000000000000000000;3447,000000000000000000
1669;3451,000000000000000000;3417,000000000000000000;3447,000000000000000000
1670;3451,000000000000000000;3417,000000000000000000;3447,000000000000000000
1671;3451,000000000000000000;3417,000000000000000000;3447,000000000000000000
1672;3451,000000000000000000;3417,000000000000000000;3447,000000000000000000
1673;3451,000000000000000000;3417,000000000000000000;3447,000000000000000000
1674;3451,000000000000000000;3417,000000000000000000;3447,000000000000000000
1675;3451,000000000000000000;3417,000000000000000000;3447,000000000000000000
1676;3451,000000000000000000;3417,000000000000000000;3447,000000000000000000
1677;3451,000000000000000000;3417,000000000000000000;3447,000000000000000000
1678;3451,000000000000000000;3417,000000000000000000;3447,000000000000000000
1679;3451,000000000000000000;3417,000000000000000000;3447,000000000000000000
1680;3451,000000000000000000;3417,000000000000000000;3447,000000000000000000
1681;3451,000000000000000000;3417,000000000000000000;3447,000000000000000000
1682;3451,000000000000000000;3417,000000000000000000;3447,000000000000000000
1683;3451,000000000000000000;3417,000000000000000000;3447,000000000000000000
1684;3451,000000000000000000;3417,000000000000000000;3447,000000000000000000
1685;3451,000000000000000000;3417,000000000000000000;3447,000000000000000000
1686;3451,000000000000000000;3417,000000000000000000;3447,000000000000000000
1687;3451,000000000000000000;3417,000000000000000000;3447,000000000000000000
1688;3451,000000000000000000;3417,000000000000000000;3447,000000000000000000
1689;3451,000000000000000000;3417,000000000000000000;3447,000000000000000000
1690;3451,000000000000000000;3417,000000000000000000;3447,000000000000000000
1691;3451,000000000000000000;3417,000000000000000000;3447,000000000000000000
1692;3451,000000000000000000;3417,000000000000000000;3447,000000000000000000
1693;3451,000000000000000000;3417,000000000000000000;3447,000000000000000000
1694;3451,000000000000000000;3417,000000000000000000;3447,000000000000000000
1695;3451,000000000000000000;3417,000000000000000000;3447,000000000000000000
1696;3451,000000000000000000;3417,000000000000000000;3447,000000000000000000
1697;3451,000000000000000000;3417,000000000000000000;3447,000000000000000000
1698;3451,000000000000000000;3417,000000000000000000;3447,000000000000000000
1699;3451,000000000000000000;3417,000000000000000000;3448,000000000000000000
1700;3451,000000000000000000;3417,000000000000000000;3448,000000000000000000
1701;3451,000000000000000000;3417,000000000000000000;3448,000000000000000000
1702;3451,000000000000000000;3417,000000000000000000;3448,000000000000000000
1703;3451,000000000000000000;3417,000000000000000000;3448,000000000000000000
1704;3451,000000000000000000;3417,000000000000000000;3448,000000000000000000
1705;3451,000000000000000000;3417,000000000000000000;3448,000000000000000000
1706;3451,000000000000000000;3417,000000000000000000;3448,000000000000000000
1707;3451,000000000000000000;3417,000000000000000000;3448,000000000000000000
1708;3451,000000000000000000;3417,000000000000000000;3448,000000000000000000
1709;3451,000000000000000000;3417,000000000000000000;3448,000000000000000000
1710;3451,000000000000000000;3417,000000000000000000;3448,000000000000000000
1711;3451,000000000000000000;3417,000000000000000000;3448,000000000000000000
1712;3451,000000000000000000;3417,000000000000000000;3448,000000000000000000
1713;3451,000000000000000000;3417,000000000000000000;3448,000000000000000000
1714;3451,000000000000000000;3417,000000000000000000;3448,000000000000000000
1715;3451,000000000000000000;3417,000000000000000000;3448,000000000000000000
1716;3451,000000000000000000;3417,000000000000000000;3448,000000000000000000
1717;3451,000000000000000000;3417,000000000000000000;3448,000000000000000000
1718;3451,000000000000000000;3417,000000000000000000;3448,000000000000000000
1719;3451,000000000000000000;3417,000000000000000000;3448,000000000000000000
1720;3451,000000000000000000;3417,000000000000000000;3448,000000000000000000
1721;3451,000000000000000000;3417,000000000000000000;3448,000000000000000000
1722;3451,000000000000000000;3417,000000000000000000;3448,000000000000000000
1723;3451,000000000000000000;3417,000000000000000000;3448,000000000000000000
1724;3451,000000000000000000;3417,000000000000000000;3448,000000000000000000
1725;3451,000000000000000000;3417,000000000000000000;3448,000000000000000000
1726;3451,000000000000000000;3417,000000000000000000;3448,000000000000000000
1727;3451,000000000000000000;3417,000000000000000000;3448,000000000000000000
1728;3451,000000000000000000;3417,000000000000000000;3448,000000000000000000
1729;3451,000000000000000000;3417,000000000000000000;3448,000000000000000000
1730;3451,000000000000000000;3417,000000000000000000;3448,000000000000000000
1731;3451,000000000000000000;3417,000000000000000000;3448,000000000000000000
1732;3451,000000000000000000;3417,000000000000000000;3448,000000000000000000
1733;3451,000000000000000000;3417,000000000000000000;3448,000000000000000000
1734;3451,000000000000000000;3417,000000000000000000;3448,000000000000000000
1735;3451,000000000000000000;3417,000000000000000000;3448,000000000000000000
1736;3451,000000000000000000;3417,000000000000000000;3448,000000000000000000
1737;3451,000000000000000000;3417,000000000000000000;3448,000000000000000000
1738;3451,000000000000000000;3417,000000000000000000;3448,000000000000000000
1739;3451,000000000000000000;3417,000000000000000000;3448,000000000000000000
1740;3451,000000000000000000;3417,000000000000000000;3448,000000000000000000
1741;3451,000000000000000000;3417,000000000000000000;3448,000000000000000000
1742;3451,000000000000000000;3417,000000000000000000;3448,000000000000000000
1743;3451,000000000000000000;3417,000000000000000000;3448,000000000000000000
1744;3451,000000000000000000;3417,000000000000000000;3448,000000000000000000
1745;3451,000000000000000000;3417,000000000000000000;3448,000000000000000000
1746;3451,000000000000000000;3417,000000000000000000;3448,000000000000000000
1747;3451,000000000000000000;3417,000000000000000000;3448,000000000000000000
1748;3451,000000000000000000;3417,000000000000000000;3448,000000000000000000
1749;3451,000000000000000000;3417,000000000000000000;3448,000000000000000000
1750;3451,000000000000000000;3417,000000000000000000;3448,000000000000000000
1751;3451,000000000000000000;3417,000000000000000000;3448,000000000000000000
1752;3451,000000000000000000;3417,000000000000000000;3448,000000000000000000
1753;3451,000000000000000000;3417,000000000000000000;3448,000000000000000000
1754;3451,000000000000000000;3417,000000000000000000;3448,000000000000000000
1755;3451,000000000000000000;3417,000000000000000000;3448,000000000000000000
1756;3451,000000000000000000;3417,000000000000000000;3448,000000000000000000
1757;3451,000000000000000000;3417,000000000000000000;3448,000000000000000000
1758;3451,000000000000000000;3417,000000000000000000;3448,000000000000000000
1759;3451,000000000000000000;3417,000000000000000000;3448,000000000000000000
1760;3451,000000000000000000;3417,000000000000000000;3448,000000000000000000
1761;3451,000000000000000000;3417,000000000000000000;3449,000000000000000000
1762;3451,000000000000000000;3417,000000000000000000;3449,000000000000000000
1763;3451,000000000000000000;3417,000000000000000000;3449,000000000000000000
1764;3451,000000000000000000;3417,000000000000000000;3449,000000000000000000
1765;3451,000000000000000000;3417,000000000000000000;3449,000000000000000000
1766;3451,000000000000000000;3417,000000000000000000;3449,000000000000000000
1767;3451,000000000000000000;3417,000000000000000000;3449,000000000000000000
1768;3451,000000000000000000;3417,000000000000000000;3449,000000000000000000
1769;3451,000000000000000000;3417,000000000000000000;3449,000000000000000000
1770;3451,000000000000000000;3417,000000000000000000;3449,000000000000000000
1771;3451,000000000000000000;3417,000000000000000000;3449,000000000000000000
1772;3451,000000000000000000;3417,000000000000000000;3449,000000000000000000
1773;3451,000000000000000000;3417,000000000000000000;3449,000000000000000000
1774;3451,000000000000000000;3417,000000000000000000;3449,000000000000000000
1775;3451,000000000000000000;3417,000000000000000000;3449,000000000000000000
1776;3451,000000000000000000;3417,000000000000000000;3449,000000000000000000
1777;3451,000000000000000000;3417,000000000000000000;3449,000000000000000000
1778;3451,000000000000000000;3417,000000000000000000;3449,000000000000000000
1779;3451,000000000000000000;3417,000000000000000000;3449,000000000000000000
1780;3451,000000000000000000;3417,000000000000000000;3449,000000000000000000
1781;3451,000000000000000000;3417,000000000000000000;3449,000000000000000000
1782;3451,000000000000000000;3417,000000000000000000;3449,000000000000000000
1783;3451,000000000000000000;3417,000000000000000000;3449,000000000000000000
1784;3451,000000000000000000;3417,000000000000000000;3449,000000000000000000
1785;3451,000000000000000000;3417,000000000000000000;3449,000000000000000000
1786;3451,000000000000000000;3417,000000000000000000;3449,000000000000000000
1787;3451,000000000000000000;3417,000000000000000000;3449,000000000000000000
1788;3451,000000000000000000;3417,000000000000000000;3449,000000000000000000
1789;3451,000000000000000000;3417,000000000000000000;3449,000000000000000000
1790;3451,000000000000000000;3417,000000000000000000;3449,000000000000000000
1791;3451,000000000000000000;3417,000000000000000000;3449,000000000000000000
1792;3451,000000000000000000;3417,000000000000000000;3449,000000000000000000
1793;3451,000000000000000000;3417,000000000000000000;3449,000000000000000000
1794;3451,000000000000000000;3417,000000000000000000;3449,000000000000000000
1795;3451,000000000000000000;3417,000000000000000000;3449,000000000000000000
1796;3451,000000000000000000;3417,000000000000000000;3449,000000000000000000
1797;3451,000000000000000000;3417,000000000000000000;3449,000000000000000000
1798;3451,000000000000000000;3417,000000000000000000;3449,000000000000000000
1799;3451,000000000000000000;3417,000000000000000000;3449,000000000000000000
1800;3451,000000000000000000;3417,000000000000000000;3449,000000000000000000
1801;3451,000000000000000000;3417,000000000000000000;3449,000000000000000000
1802;3451,000000000000000000;3417,000000000000000000;3449,000000000000000000
1803;3451,000000000000000000;3417,000000000000000000;3449,000000000000000000
1804;3451,000000000000000000;3417,000000000000000000;3449,000000000000000000
1805;3451,000000000000000000;3417,000000000000000000;3450,000000000000000000
1806;3451,000000000000000000;3417,000000000000000000;3450,000000000000000000
1807;3451,000000000000000000;3417,000000000000000000;3450,000000000000000000
1808;3451,000000000000000000;3417,000000000000000000;3450,000000000000000000
1809;3451,000000000000000000;3417,000000000000000000;3450,000000000000000000
1810;3451,000000000000000000;3417,000000000000000000;3450,000000000000000000
1811;3451,000000000000000000;3417,000000000000000000;3450,000000000000000000
1812;3451,000000000000000000;3417,000000000000000000;3450,000000000000000000
1813;3451,000000000000000000;3417,000000000000000000;3450,000000000000000000
1814;3451,000000000000000000;3417,000000000000000000;3450,000000000000000000
1815;3451,000000000000000000;3417,000000000000000000;3450,000000000000000000
1816;3451,000000000000000000;3417,000000000000000000;3450,000000000000000000
1817;3451,000000000000000000;3417,000000000000000000;3450,000000000000000000
1818;3451,000000000000000000;3417,000000000000000000;3450,000000000000000000
1819;3451,000000000000000000;3417,000000000000000000;3450,000000000000000000
1820;3451,000000000000000000;3417,000000000000000000;3450,000000000000000000
1821;3451,000000000000000000;3417,000000000000000000;3450,000000000000000000
1822;3451,000000000000000000;3417,000000000000000000;3450,000000000000000000
1823;3451,000000000000000000;3417,000000000000000000;3450,000000000000000000
1824;3451,000000000000000000;3417,000000000000000000;3450,000000000000000000
1825;3451,000000000000000000;3417,000000000000000000;3450,000000000000000000
1826;3451,000000000000000000;3417,000000000000000000;3450,000000000000000000
1827;3451,000000000000000000;3417,000000000000000000;3450,000000000000000000
1828;3451,000000000000000000;3417,000000000000000000;3450,000000000000000000
1829;3451,000000000000000000;3417,000000000000000000;3450,000000000000000000
1830;3451,000000000000000000;3417,000000000000000000;3450,000000000000000000
1831;3451,000000000000000000;3417,000000000000000000;3450,000000000000000000
1832;3451,000000000000000000;3417,000000000000000000;3450,000000000000000000
1833;3451,000000000000000000;3417,000000000000000000;3450,000000000000000000
1834;3451,000000000000000000;3417,000000000000000000;3450,000000000000000000
1835;3451,000000000000000000;3417,000000000000000000;3450,000000000000000000
1836;3451,000000000000000000;3417,000000000000000000;3450,000000000000000000
1837;3451,000000000000000000;3417,000000000000000000;3450,000000000000000000
1838;3451,000000000000000000;3417,000000000000000000;3450,000000000000000000
1839;3451,000000000000000000;3417,000000000000000000;3450,000000000000000000
1840;3451,000000000000000000;3417,000000000000000000;3450,000000000000000000
1841;3451,000000000000000000;3417,000000000000000000;3450,000000000000000000
1842;3451,000000000000000000;3417,000000000000000000;3450,000000000000000000
1843;3451,000000000000000000;3417,000000000000000000;3450,000000000000000000
1844;3451,000000000000000000;3417,000000000000000000;3450,000000000000000000
1845;3451,000000000000000000;3417,000000000000000000;3450,000000000000000000
1846;3451,000000000000000000;3417,000000000000000000;3450,000000000000000000
1847;3451,000000000000000000;3417,000000000000000000;3450,000000000000000000
1848;3451,000000000000000000;3417,000000000000000000;3450,000000000000000000
1849;3451,000000000000000000;3417,000000000000000000;3450,000000000000000000
1850;3451,000000000000000000;3417,000000000000000000;3450,000000000000000000
1851;3451,000000000000000000;3417,000000000000000000;3450,000000000000000000
1852;3451,000000000000000000;3417,000000000000000000;3450,000000000000000000
1853;3451,000000000000000000;3417,000000000000000000;3450,000000000000000000
1854;3451,000000000000000000;3417,000000000000000000;3450,000000000000000000
1855;3451,000000000000000000;3417,000000000000000000;3450,000000000000000000
1856;3451,000000000000000000;3417,000000000000000000;3451,000000000000000000
1857;3451,000000000000000000;3417,000000000000000000;3451,000000000000000000
1858;3451,000000000000000000;3417,000000000000000000;3451,000000000000000000
1859;3451,000000000000000000;3417,000000000000000000;3451,000000000000000000
1860;3451,000000000000000000;3417,000000000000000000;3451,000000000000000000
1861;3451,000000000000000000;3417,000000000000000000;3451,000000000000000000
1862;3451,000000000000000000;3417,000000000000000000;3451,000000000000000000
1863;3451,000000000000000000;3417,000000000000000000;3451,000000000000000000
1864;3451,000000000000000000;3417,000000000000000000;3451,000000000000000000
1865;3451,000000000000000000;3417,000000000000000000;3451,000000000000000000
1866;3451,000000000000000000;3417,000000000000000000;3451,000000000000000000
1867;3451,000000000000000000;3417,000000000000000000;3451,000000000000000000
1868;3451,000000000000000000;3417,000000000000000000;3451,000000000000000000
1869;3451,000000000000000000;3417,000000000000000000;3451,000000000000000000
1870;3451,000000000000000000;3417,000000000000000000;3451,000000000000000000
1871;3451,000000000000000000;3451,000000000000000000;3451,000000000000000000
1872;3451,000000000000000000;3451,000000000000000000;3451,000000000000000000
1873;3451,000000000000000000;3451,000000000000000000;3451,000000000000000000
1874;3451,000000000000000000;3451,000000000000000000;3451,000000000000000000
1875;3451,000000000000000000;3451,000000000000000000;3451,000000000000000000
1876;3451,000000000000000000;3451,000000000000000000;3451,000000000000000000
1877;3451,000000000000000000;3451,000000000000000000;3451,000000000000000000
1878;3451,000000000000000000;3451,000000000000000000;3451,000000000000000000
1879;3451,000000000000000000;3451,000000000000000000;3451,000000000000000000
1880;3451,000000000000000000;3451,000000000000000000;3451,000000000000000000
1881;3451,000000000000000000;3451,000000000000000000;3451,000000000000000000
1882;3451,000000000000000000;3451,000000000000000000;3451,000000000000000000
1883;3451,000000000000000000;3451,000000000000000000;3451,000000000000000000
1884;3451,000000000000000000;3451,000000000000000000;3451,000000000000000000
1885;3451,000000000000000000;3451,000000000000000000;3451,000000000000000000
1886;3451,000000000000000000;3451,000000000000000000;3451,000000000000000000
1887;3451,000000000000000000;3451,000000000000000000;3451,000000000000000000
1888;3451,000000000000000000;3451,000000000000000000;3451,000000000000000000
1889;3451,000000000000000000;3451,000000000000000000;3451,000000000000000000
1890;3451,000000000000000000;3451,000000000000000000;3451,000000000000000000
1891;3451,000000000000000000;3451,000000000000000000;3451,000000000000000000
1892;3451,000000000000000000;3451,000000000000000000;3451,000000000000000000
1893;3451,000000000000000000;3451,000000000000000000;3451,000000000000000000
1894;3451,000000000000000000;3451,000000000000000000;3451,000000000000000000
1895;3451,000000000000000000;3451,000000000000000000;3451,000000000000000000
1896;3451,000000000000000000;3451,000000000000000000;3451,000000000000000000
1897;3451,000000000000000000;3451,000000000000000000;3451,000000000000000000
1898;3451,000000000000000000;3451,000000000000000000;3451,000000000000000000
1899;3451,000000000000000000;3451,000000000000000000;3451,000000000000000000
1900;3451,000000000000000000;3451,000000000000000000;3451,000000000000000000
1901;3451,000000000000000000;3451,000000000000000000;3451,000000000000000000
1902;3451,000000000000000000;3451,000000000000000000;3451,000000000000000000
1903;3451,000000000000000000;3451,000000000000000000;3451,000000000000000000
1904;3451,000000000000000000;3451,000000000000000000;3451,000000000000000000
1905;3451,000000000000000000;3451,000000000000000000;3451,000000000000000000
1906;3451,000000000000000000;3451,000000000000000000;3451,000000000000000000
1907;3451,000000000000000000;3451,000000000000000000;3451,000000000000000000
1908;3451,000000000000000000;3451,000000000000000000;3451,000000000000000000
1909;3451,000000000000000000;3451,000000000000000000;3451,000000000000000000
1910;3451,000000000000000000;3451,000000000000000000;3451,000000000000000000
1911;3451,000000000000000000;3451,000000000000000000;3451,000000000000000000
1912;3451,000000000000000000;3451,000000000000000000;3451,000000000000000000
1913;3451,000000000000000000;3451,000000000000000000;3451,000000000000000000
1914;3451,000000000000000000;3451,000000000000000000;3451,000000000000000000
1915;3451,000000000000000000;3451,000000000000000000;3451,000000000000000000
1916;3451,000000000000000000;3451,000000000000000000;3451,000000000000000000
1917;3451,000000000000000000;3451,000000000000000000;3451,000000000000000000
1918;3451,000000000000000000;3451,000000000000000000;3451,000000000000000000
1919;3451,000000000000000000;3451,000000000000000000;3451,000000000000000000
1920;3451,000000000000000000;3451,000000000000000000;3451,000000000000000000
1921;3451,000000000000000000;3451,000000000000000000;3451,000000000000000000
1922;3451,000000000000000000;3451,000000000000000000;3451,000000000000000000
1923;3451,000000000000000000;3451,000000000000000000;3451,000000000000000000
1924;3451,000000000000000000;3451,000000000000000000;3451,000000000000000000
1925;3451,000000000000000000;3451,000000000000000000;3451,000000000000000000
1926;3451,000000000000000000;3451,000000000000000000;3451,000000000000000000
1927;3451,000000000000000000;3451,000000000000000000;3451,000000000000000000
1928;3451,000000000000000000;3451,000000000000000000;3451,000000000000000000
1929;3451,000000000000000000;3451,000000000000000000;3451,000000000000000000
1930;3451,000000000000000000;3451,000000000000000000;3451,000000000000000000
1931;3451,000000000000000000;3451,000000000000000000;3451,000000000000000000
1932;3451,000000000000000000;3451,000000000000000000;3451,000000000000000000
1933;3451,000000000000000000;3451,000000000000000000;3451,000000000000000000
1934;3451,000000000000000000;3451,000000000000000000;3451,000000000000000000
1935;3451,000000000000000000;3451,000000000000000000;3451,000000000000000000
1936;3451,000000000000000000;3451,000000000000000000;3451,000000000000000000
1937;3451,000000000000000000;3451,000000000000000000;3451,000000000000000000
1938;3451,000000000000000000;3451,000000000000000000;3451,000000000000000000
1939;3451,000000000000000000;3451,000000000000000000;3451,000000000000000000
1940;3451,000000000000000000;3451,000000000000000000;3451,000000000000000000
1941;3451,000000000000000000;3451,000000000000000000;3451,000000000000000000
1942;3451,000000000000000000;3451,000000000000000000;3451,000000000000000000
1943;3451,000000000000000000;3451,000000000000000000;3451,000000000000000000
1944;3451,000000000000000000;3451,000000000000000000;3451,000000000000000000
1945;3451,000000000000000000;3451,000000000000000000;3451,000000000000000000
1946;3451,000000000000000000;3451,000000000000000000;3451,000000000000000000
1947;3451,000000000000000000;3451,000000000000000000;3451,000000000000000000
1948;3451,000000000000000000;3451,000000000000000000;3451,000000000000000000
1949;3451,000000000000000000;3451,000000000000000000;3451,000000000000000000
1950;3451,000000000000000000;3451,000000000000000000;3451,000000000000000000
1951;3451,000000000000000000;3451,000000000000000000;3451,000000000000000000
1952;3451,000000000000000000;3451,000000000000000000;3451,000000000000000000
1953;3451,000000000000000000;3451,000000000000000000;3451,000000000000000000
1954;3451,000000000000000000;3451,000000000000000000;3451,000000000000000000
1955;3451,000000000000000000;3451,000000000000000000;3451,000000000000000000
1956;3451,000000000000000000;3451,000000000000000000;3451,000000000000000000
1957;3451,000000000000000000;3451,000000000000000000;3451,000000000000000000
1958;3451,000000000000000000;3451,000000000000000000;3451,000000000000000000
1959;3451,000000000000000000;3451,000000000000000000;3451,000000000000000000
1960;3451,000000000000000000;3451,000000000000000000;3451,000000000000000000
1961;3451,000000000000000000;3451,000000000000000000;3451,000000000000000000
1962;3451,000000000000000000;3451,000000000000000000;3451,000000000000000000
1963;3451,000000000000000000;3451,000000000000000000;3451,000000000000000000
1964;3451,000000000000000000;3451,000000000000000000;3451,000000000000000000
1965;3451,000000000000000000;3451,000000000000000000;3451,000000000000000000
1966;3451,000000000000000000;3451,000000000000000000;3451,000000000000000000
1967;3451,000000000000000000;3451,000000000000000000;3451,000000000000000000
1968;3451,000000000000000000;3451,000000000000000000;3451,000000000000000000
1969;3451,000000000000000000;3451,000000000000000000;3451,000000000000000000
1970;3451,000000000000000000;3451,000000000000000000;3451,000000000000000000
1971;3451,000000000000000000;3451,000000000000000000;3451,000000000000000000
1972;3451,000000000000000000;3451,000000000000000000;3451,000000000000000000
1973;3451,000000000000000000;3451,000000000000000000;3451,000000000000000000
1974;3451,000000000000000000;3451,000000000000000000;3451,000000000000000000
1975;3451,000000000000000000;3451,000000000000000000;3451,000000000000000000
1976;3451,000000000000000000;3451,000000000000000000;3451,000000000000000000
1977;3451,000000000000000000;3451,000000000000000000;3451,000000000000000000
1978;3451,000000000000000000;3451,000000000000000000;3451,000000000000000000
1979;3451,000000000000000000;3451,000000000000000000;3451,000000000000000000
1980;3451,000000000000000000;3451,000000000000000000;3451,000000000000000000
1981;3451,000000000000000000;3451,000000000000000000;3451,000000000000000000
1982;3451,000000000000000000;3451,000000000000000000;3451,000000000000000000
1983;3451,000000000000000000;3451,000000000000000000;3451,000000000000000000
1984;3451,000000000000000000;3451,000000000000000000;3451,000000000000000000
1985;3451,000000000000000000;3451,000000000000000000;3451,000000000000000000
1986;3451,000000000000000000;3451,000000000000000000;3451,000000000000000000
1987;3451,000000000000000000;3451,000000000000000000;3451,000000000000000000
1988;3451,000000000000000000;3451,000000000000000000;3451,000000000000000000
1989;3451,000000000000000000;3451,000000000000000000;3451,000000000000000000
1990;3451,000000000000000000;3451,000000000000000000;3451,000000000000000000
1991;3451,000000000000000000;3451,000000000000000000;3451,000000000000000000
1992;3451,000000000000000000;3451,000000000000000000;3451,000000000000000000
1993;3451,000000000000000000;3451,000000000000000000;3451,000000000000000000
1994;3451,000000000000000000;3451,000000000000000000;3451,000000000000000000
1995;3451,000000000000000000;3451,000000000000000000;3451,000000000000000000
1996;3451,000000000000000000;3451,000000000000000000;3451,000000000000000000
1997;3451,000000000000000000;3451,000000000000000000;3451,000000000000000000
1998;3451,000000000000000000;3451,000000000000000000;3451,000000000000000000
1999;3451,000000000000000000;3451,000000000000000000;3451,000000000000000000
