0;145397,000000000000000000;74971,000000000000000000;108955,000000000000000000
1;145397,000000000000000000;75550,000000000000000000;115386,000000000000000000
2;145397,000000000000000000;85611,000000000000000000;119898,000000000000000000
3;145397,000000000000000000;98139,000000000000000000;122947,000000000000000000
4;145397,000000000000000000;98364,000000000000000000;125377,000000000000000000
5;151653,000000000000000000;103582,000000000000000000;127171,000000000000000000
6;151653,000000000000000000;103582,000000000000000000;128740,000000000000000000
7;151653,000000000000000000;103582,000000000000000000;130055,000000000000000000
8;151653,000000000000000000;103582,000000000000000000;131069,000000000000000000
9;151653,000000000000000000;103582,000000000000000000;131877,000000000000000000
10;151653,000000000000000000;103582,000000000000000000;132595,000000000000000000
11;151653,000000000000000000;115876,000000000000000000;133288,000000000000000000
12;151653,000000000000000000;116323,000000000000000000;134118,000000000000000000
13;151653,000000000000000000;116323,000000000000000000;134680,000000000000000000
14;151653,000000000000000000;116323,000000000000000000;135149,000000000000000000
15;151653,000000000000000000;116323,000000000000000000;135586,000000000000000000
16;151653,000000000000000000;117840,000000000000000000;136170,000000000000000000
17;151653,000000000000000000;120197,000000000000000000;136635,000000000000000000
18;151653,000000000000000000;120197,000000000000000000;137000,000000000000000000
19;151653,000000000000000000;120197,000000000000000000;137345,000000000000000000
20;151653,000000000000000000;120197,000000000000000000;137666,000000000000000000
21;151653,000000000000000000;120197,000000000000000000;138045,000000000000000000
22;151653,000000000000000000;120197,000000000000000000;138479,000000000000000000
23;151653,000000000000000000;120197,000000000000000000;138737,000000000000000000
24;151653,000000000000000000;120197,000000000000000000;139000,000000000000000000
25;151653,000000000000000000;125182,000000000000000000;139372,000000000000000000
26;151653,000000000000000000;125182,000000000000000000;139603,000000000000000000
27;151653,000000000000000000;128163,000000000000000000;139972,000000000000000000
28;151653,000000000000000000;128163,000000000000000000;140114,000000000000000000
29;151653,000000000000000000;128163,000000000000000000;140396,000000000000000000
30;151653,000000000000000000;128163,000000000000000000;140703,000000000000000000
31;151653,000000000000000000;129618,000000000000000000;140938,000000000000000000
32;153088,000000000000000000;129618,000000000000000000;141198,000000000000000000
33;153088,000000000000000000;129618,000000000000000000;141425,000000000000000000
34;153088,000000000000000000;129618,000000000000000000;141552,000000000000000000
35;153088,000000000000000000;129618,000000000000000000;141725,000000000000000000
36;153088,000000000000000000;129618,000000000000000000;142027,000000000000000000
37;153088,000000000000000000;129618,000000000000000000;142254,000000000000000000
38;153088,000000000000000000;129618,000000000000000000;142572,000000000000000000
39;153088,000000000000000000;129618,000000000000000000;142835,000000000000000000
40;153088,000000000000000000;129618,000000000000000000;143045,000000000000000000
41;153088,000000000000000000;129618,000000000000000000;143304,000000000000000000
42;155104,000000000000000000;129618,000000000000000000;143477,000000000000000000
43;155104,000000000000000000;134967,000000000000000000;143641,000000000000000000
44;155104,000000000000000000;134967,000000000000000000;143801,000000000000000000
45;155104,000000000000000000;134967,000000000000000000;143975,000000000000000000
46;155104,000000000000000000;134967,000000000000000000;144124,000000000000000000
47;155104,000000000000000000;134967,000000000000000000;144301,000000000000000000
48;155104,000000000000000000;134967,000000000000000000;144472,000000000000000000
49;155104,000000000000000000;134967,000000000000000000;144659,000000000000000000
50;155104,000000000000000000;135038,000000000000000000;144702,000000000000000000
51;155104,000000000000000000;135038,000000000000000000;144797,000000000000000000
52;155104,000000000000000000;135038,000000000000000000;144930,000000000000000000
53;155104,000000000000000000;135038,000000000000000000;145076,000000000000000000
54;155104,000000000000000000;135038,000000000000000000;145215,000000000000000000
55;155104,000000000000000000;135038,000000000000000000;145296,000000000000000000
56;155104,000000000000000000;135038,000000000000000000;145400,000000000000000000
57;155104,000000000000000000;135038,000000000000000000;145569,000000000000000000
58;155104,000000000000000000;135038,000000000000000000;145717,000000000000000000
59;155104,000000000000000000;135038,000000000000000000;145870,000000000000000000
60;155104,000000000000000000;135038,000000000000000000;146000,000000000000000000
61;155104,000000000000000000;135038,000000000000000000;146129,000000000000000000
62;155104,000000000000000000;135038,000000000000000000;146196,000000000000000000
63;155104,000000000000000000;135038,000000000000000000;146302,000000000000000000
64;155104,000000000000000000;135038,000000000000000000;146375,000000000000000000
65;155104,000000000000000000;135038,000000000000000000;146508,000000000000000000
66;155104,000000000000000000;135038,000000000000000000;146608,000000000000000000
67;155104,000000000000000000;135038,000000000000000000;146652,000000000000000000
68;155104,000000000000000000;135038,000000000000000000;146798,000000000000000000
69;155104,000000000000000000;135038,000000000000000000;146858,000000000000000000
70;155104,000000000000000000;135038,000000000000000000;146976,000000000000000000
71;155104,000000000000000000;135038,000000000000000000;147007,000000000000000000
72;155104,000000000000000000;135038,000000000000000000;147100,000000000000000000
73;155104,000000000000000000;135038,000000000000000000;147212,000000000000000000
74;155104,000000000000000000;135038,000000000000000000;147278,000000000000000000
75;155104,000000000000000000;135038,000000000000000000;147350,000000000000000000
76;155104,000000000000000000;135038,000000000000000000;147397,000000000000000000
77;155104,000000000000000000;135038,000000000000000000;147502,000000000000000000
78;155104,000000000000000000;135038,000000000000000000;147554,000000000000000000
79;155104,000000000000000000;135038,000000000000000000;147614,000000000000000000
80;155104,000000000000000000;135038,000000000000000000;147658,000000000000000000
81;155104,000000000000000000;135038,000000000000000000;147703,000000000000000000
82;155104,000000000000000000;135038,000000000000000000;147759,000000000000000000
83;155104,000000000000000000;135038,000000000000000000;147827,000000000000000000
84;155104,000000000000000000;135038,000000000000000000;147860,000000000000000000
85;155104,000000000000000000;135038,000000000000000000;147939,000000000000000000
86;155104,000000000000000000;135038,000000000000000000;148011,000000000000000000
87;155104,000000000000000000;138183,000000000000000000;148151,000000000000000000
88;155104,000000000000000000;138508,000000000000000000;148258,000000000000000000
89;155104,000000000000000000;138508,000000000000000000;148312,000000000000000000
90;155104,000000000000000000;138508,000000000000000000;148349,000000000000000000
91;155323,000000000000000000;138508,000000000000000000;148436,000000000000000000
92;155323,000000000000000000;138508,000000000000000000;148496,000000000000000000
93;155323,000000000000000000;138508,000000000000000000;148570,000000000000000000
94;155323,000000000000000000;138508,000000000000000000;148638,000000000000000000
95;155323,000000000000000000;138508,000000000000000000;148774,000000000000000000
96;155323,000000000000000000;138508,000000000000000000;148841,000000000000000000
97;155323,000000000000000000;138508,000000000000000000;148905,000000000000000000
98;155323,000000000000000000;138508,000000000000000000;148949,000000000000000000
99;155323,000000000000000000;138508,000000000000000000;148982,000000000000000000
100;155323,000000000000000000;138508,000000000000000000;149023,000000000000000000
101;155748,000000000000000000;138508,000000000000000000;149109,000000000000000000
102;155748,000000000000000000;138508,000000000000000000;149161,000000000000000000
103;155748,000000000000000000;138508,000000000000000000;149254,000000000000000000
104;155748,000000000000000000;138508,000000000000000000;149326,000000000000000000
105;155748,000000000000000000;138508,000000000000000000;149426,000000000000000000
106;155748,000000000000000000;138508,000000000000000000;149503,000000000000000000
107;157380,000000000000000000;138508,000000000000000000;149565,000000000000000000
108;157380,000000000000000000;138508,000000000000000000;149593,000000000000000000
109;157380,000000000000000000;138508,000000000000000000;149669,000000000000000000
110;157380,000000000000000000;138508,000000000000000000;149743,000000000000000000
111;157380,000000000000000000;138508,000000000000000000;149826,000000000000000000
112;157380,000000000000000000;138508,000000000000000000;149918,000000000000000000
113;157380,000000000000000000;138508,000000000000000000;150007,000000000000000000
114;157764,000000000000000000;138508,000000000000000000;150083,000000000000000000
115;157764,000000000000000000;138508,000000000000000000;150147,000000000000000000
116;157764,000000000000000000;138508,000000000000000000;150206,000000000000000000
117;157764,000000000000000000;138508,000000000000000000;150332,000000000000000000
118;157764,000000000000000000;138508,000000000000000000;150379,000000000000000000
119;157764,000000000000000000;138508,000000000000000000;150435,000000000000000000
120;157764,000000000000000000;138508,000000000000000000;150480,000000000000000000
121;157764,000000000000000000;138508,000000000000000000;150568,000000000000000000
122;157764,000000000000000000;138508,000000000000000000;150682,000000000000000000
123;157764,000000000000000000;138508,000000000000000000;150798,000000000000000000
124;157764,000000000000000000;138508,000000000000000000;150869,000000000000000000
125;157764,000000000000000000;138508,000000000000000000;150942,000000000000000000
126;157764,000000000000000000;138508,000000000000000000;151027,000000000000000000
127;157764,000000000000000000;138508,000000000000000000;151101,000000000000000000
128;157764,000000000000000000;138508,000000000000000000;151168,000000000000000000
129;157764,000000000000000000;138508,000000000000000000;151281,000000000000000000
130;157764,000000000000000000;138508,000000000000000000;151307,000000000000000000
131;157764,000000000000000000;138508,000000000000000000;151363,000000000000000000
132;157764,000000000000000000;138508,000000000000000000;151449,000000000000000000
133;157764,000000000000000000;138508,000000000000000000;151602,000000000000000000
134;157764,000000000000000000;138508,000000000000000000;151637,000000000000000000
135;157764,000000000000000000;138508,000000000000000000;151675,000000000000000000
136;157764,000000000000000000;138508,000000000000000000;151717,000000000000000000
137;157764,000000000000000000;138508,000000000000000000;151779,000000000000000000
138;157764,000000000000000000;138508,000000000000000000;151816,000000000000000000
139;157764,000000000000000000;141630,000000000000000000;151875,000000000000000000
140;157764,000000000000000000;142902,000000000000000000;151944,000000000000000000
141;157764,000000000000000000;142902,000000000000000000;152002,000000000000000000
142;157764,000000000000000000;142902,000000000000000000;152066,000000000000000000
143;157764,000000000000000000;142902,000000000000000000;152089,000000000000000000
144;157764,000000000000000000;142902,000000000000000000;152172,000000000000000000
145;157764,000000000000000000;142902,000000000000000000;152248,000000000000000000
146;157764,000000000000000000;142902,000000000000000000;152271,000000000000000000
147;157764,000000000000000000;142902,000000000000000000;152344,000000000000000000
148;157764,000000000000000000;142902,000000000000000000;152389,000000000000000000
149;157764,000000000000000000;142902,000000000000000000;152438,000000000000000000
150;157764,000000000000000000;142902,000000000000000000;152447,000000000000000000
151;157764,000000000000000000;142902,000000000000000000;152528,000000000000000000
152;157764,000000000000000000;142902,000000000000000000;152542,000000000000000000
153;157764,000000000000000000;142902,000000000000000000;152609,000000000000000000
154;157764,000000000000000000;142902,000000000000000000;152672,000000000000000000
155;157764,000000000000000000;142902,000000000000000000;152732,000000000000000000
156;157764,000000000000000000;142902,000000000000000000;152742,000000000000000000
157;157764,000000000000000000;142902,000000000000000000;152799,000000000000000000
158;157764,000000000000000000;142902,000000000000000000;152826,000000000000000000
159;157764,000000000000000000;142902,000000000000000000;152907,000000000000000000
160;157764,000000000000000000;142902,000000000000000000;152936,000000000000000000
161;157764,000000000000000000;144439,000000000000000000;153009,000000000000000000
162;157764,000000000000000000;144439,000000000000000000;153055,000000000000000000
163;157764,000000000000000000;144439,000000000000000000;153093,000000000000000000
164;157764,000000000000000000;144439,000000000000000000;153128,000000000000000000
165;157764,000000000000000000;144439,000000000000000000;153151,000000000000000000
166;157764,000000000000000000;144439,000000000000000000;153180,000000000000000000
167;157764,000000000000000000;144439,000000000000000000;153197,000000000000000000
168;157764,000000000000000000;144439,000000000000000000;153227,000000000000000000
169;157764,000000000000000000;144439,000000000000000000;153277,000000000000000000
170;157764,000000000000000000;144439,000000000000000000;153303,000000000000000000
171;157764,000000000000000000;144439,000000000000000000;153342,000000000000000000
172;157764,000000000000000000;144439,000000000000000000;153390,000000000000000000
173;157764,000000000000000000;144439,000000000000000000;153433,000000000000000000
174;157764,000000000000000000;144439,000000000000000000;153445,000000000000000000
175;157764,000000000000000000;144439,000000000000000000;153487,000000000000000000
176;157764,000000000000000000;144439,000000000000000000;153540,000000000000000000
177;157764,000000000000000000;144439,000000000000000000;153581,000000000000000000
178;157764,000000000000000000;144439,000000000000000000;153604,000000000000000000
179;157764,000000000000000000;144439,000000000000000000;153618,000000000000000000
180;157764,000000000000000000;144439,000000000000000000;153634,000000000000000000
181;157764,000000000000000000;144439,000000000000000000;153670,000000000000000000
182;157764,000000000000000000;144439,000000000000000000;153693,000000000000000000
183;157764,000000000000000000;144439,000000000000000000;153727,000000000000000000
184;157764,000000000000000000;144439,000000000000000000;153792,000000000000000000
185;157764,000000000000000000;144439,000000000000000000;153810,000000000000000000
186;157764,000000000000000000;144439,000000000000000000;153838,000000000000000000
187;157764,000000000000000000;144439,000000000000000000;153845,000000000000000000
188;157764,000000000000000000;144439,000000000000000000;153863,000000000000000000
189;157764,000000000000000000;144439,000000000000000000;153871,000000000000000000
190;157764,000000000000000000;144439,000000000000000000;153934,000000000000000000
191;157764,000000000000000000;144439,000000000000000000;153948,000000000000000000
192;157764,000000000000000000;144439,000000000000000000;153969,000000000000000000
193;157764,000000000000000000;144439,000000000000000000;154014,000000000000000000
194;157764,000000000000000000;144439,000000000000000000;154046,000000000000000000
195;157764,000000000000000000;144439,000000000000000000;154094,000000000000000000
196;157764,000000000000000000;149680,000000000000000000;154138,000000000000000000
197;157764,000000000000000000;149680,000000000000000000;154153,000000000000000000
198;157764,000000000000000000;149680,000000000000000000;154174,000000000000000000
199;157764,000000000000000000;149680,000000000000000000;154174,000000000000000000
200;157764,000000000000000000;149680,000000000000000000;154198,000000000000000000
201;157764,000000000000000000;149680,000000000000000000;154238,000000000000000000
202;157764,000000000000000000;149680,000000000000000000;154262,000000000000000000
203;157764,000000000000000000;149680,000000000000000000;154262,000000000000000000
204;157764,000000000000000000;149680,000000000000000000;154273,000000000000000000
205;157764,000000000000000000;149680,000000000000000000;154286,000000000000000000
206;157764,000000000000000000;149680,000000000000000000;154297,000000000000000000
207;157764,000000000000000000;149680,000000000000000000;154300,000000000000000000
208;157764,000000000000000000;149680,000000000000000000;154301,000000000000000000
209;157764,000000000000000000;149680,000000000000000000;154303,000000000000000000
210;157764,000000000000000000;149680,000000000000000000;154328,000000000000000000
211;157764,000000000000000000;149680,000000000000000000;154332,000000000000000000
212;157764,000000000000000000;150598,000000000000000000;154346,000000000000000000
213;157764,000000000000000000;150598,000000000000000000;154360,000000000000000000
214;157764,000000000000000000;150598,000000000000000000;154375,000000000000000000
215;157764,000000000000000000;150598,000000000000000000;154381,000000000000000000
216;157764,000000000000000000;150598,000000000000000000;154419,000000000000000000
217;157764,000000000000000000;150598,000000000000000000;154430,000000000000000000
218;157764,000000000000000000;150598,000000000000000000;154446,000000000000000000
219;157764,000000000000000000;150598,000000000000000000;154465,000000000000000000
220;157764,000000000000000000;150598,000000000000000000;154470,000000000000000000
221;157764,000000000000000000;150598,000000000000000000;154485,000000000000000000
222;157764,000000000000000000;150598,000000000000000000;154485,000000000000000000
223;157764,000000000000000000;150598,000000000000000000;154485,000000000000000000
224;157764,000000000000000000;150598,000000000000000000;154506,000000000000000000
225;157764,000000000000000000;150598,000000000000000000;154525,000000000000000000
226;157764,000000000000000000;150598,000000000000000000;154533,000000000000000000
227;157764,000000000000000000;150598,000000000000000000;154546,000000000000000000
228;157764,000000000000000000;150598,000000000000000000;154564,000000000000000000
229;157764,000000000000000000;150598,000000000000000000;154564,000000000000000000
230;157764,000000000000000000;150598,000000000000000000;154578,000000000000000000
231;157764,000000000000000000;150598,000000000000000000;154597,000000000000000000
232;157764,000000000000000000;150598,000000000000000000;154597,000000000000000000
233;157764,000000000000000000;150598,000000000000000000;154603,000000000000000000
234;157764,000000000000000000;150598,000000000000000000;154603,000000000000000000
235;157764,000000000000000000;150598,000000000000000000;154610,000000000000000000
236;157764,000000000000000000;150598,000000000000000000;154632,000000000000000000
237;157764,000000000000000000;150598,000000000000000000;154651,000000000000000000
238;157764,000000000000000000;150598,000000000000000000;154676,000000000000000000
239;157764,000000000000000000;150598,000000000000000000;154699,000000000000000000
240;157764,000000000000000000;150598,000000000000000000;154721,000000000000000000
241;157764,000000000000000000;150598,000000000000000000;154739,000000000000000000
242;157764,000000000000000000;150598,000000000000000000;154739,000000000000000000
243;157764,000000000000000000;150598,000000000000000000;154739,000000000000000000
244;157764,000000000000000000;150598,000000000000000000;154739,000000000000000000
245;157764,000000000000000000;150598,000000000000000000;154739,000000000000000000
246;157764,000000000000000000;150598,000000000000000000;154739,000000000000000000
247;157764,000000000000000000;150598,000000000000000000;154747,000000000000000000
248;157764,000000000000000000;150598,000000000000000000;154756,000000000000000000
249;157764,000000000000000000;150598,000000000000000000;154756,000000000000000000
250;157764,000000000000000000;150598,000000000000000000;154756,000000000000000000
251;157764,000000000000000000;150598,000000000000000000;154763,000000000000000000
252;157764,000000000000000000;150598,000000000000000000;154763,000000000000000000
253;157764,000000000000000000;150598,000000000000000000;154790,000000000000000000
254;157764,000000000000000000;150598,000000000000000000;154817,000000000000000000
255;157764,000000000000000000;150598,000000000000000000;154824,000000000000000000
256;157764,000000000000000000;150598,000000000000000000;154831,000000000000000000
257;157764,000000000000000000;150598,000000000000000000;154843,000000000000000000
258;157764,000000000000000000;150598,000000000000000000;154852,000000000000000000
259;157764,000000000000000000;150598,000000000000000000;154852,000000000000000000
260;157764,000000000000000000;150598,000000000000000000;154864,000000000000000000
261;157764,000000000000000000;150598,000000000000000000;154864,000000000000000000
262;157764,000000000000000000;150598,000000000000000000;154878,000000000000000000
263;157764,000000000000000000;150598,000000000000000000;154883,000000000000000000
264;157764,000000000000000000;150598,000000000000000000;154890,000000000000000000
265;157764,000000000000000000;150598,000000000000000000;154905,000000000000000000
266;157764,000000000000000000;150598,000000000000000000;154918,000000000000000000
267;157764,000000000000000000;150598,000000000000000000;154918,000000000000000000
268;157764,000000000000000000;150598,000000000000000000;154944,000000000000000000
269;157764,000000000000000000;150598,000000000000000000;154944,000000000000000000
270;157764,000000000000000000;150598,000000000000000000;154964,000000000000000000
271;157764,000000000000000000;150598,000000000000000000;154968,000000000000000000
272;157764,000000000000000000;150598,000000000000000000;155003,000000000000000000
273;157764,000000000000000000;150598,000000000000000000;155008,000000000000000000
274;157764,000000000000000000;150598,000000000000000000;155037,000000000000000000
275;157764,000000000000000000;150598,000000000000000000;155056,000000000000000000
276;157764,000000000000000000;150598,000000000000000000;155056,000000000000000000
277;157764,000000000000000000;150598,000000000000000000;155057,000000000000000000
278;157764,000000000000000000;150598,000000000000000000;155071,000000000000000000
279;157764,000000000000000000;150598,000000000000000000;155087,000000000000000000
280;157764,000000000000000000;150598,000000000000000000;155087,000000000000000000
281;157764,000000000000000000;150598,000000000000000000;155089,000000000000000000
282;157764,000000000000000000;150598,000000000000000000;155097,000000000000000000
283;157764,000000000000000000;150598,000000000000000000;155113,000000000000000000
284;157764,000000000000000000;150598,000000000000000000;155162,000000000000000000
285;157764,000000000000000000;150598,000000000000000000;155171,000000000000000000
286;157764,000000000000000000;150598,000000000000000000;155178,000000000000000000
287;157764,000000000000000000;150598,000000000000000000;155178,000000000000000000
288;157764,000000000000000000;150598,000000000000000000;155178,000000000000000000
289;157764,000000000000000000;150598,000000000000000000;155187,000000000000000000
290;157764,000000000000000000;150598,000000000000000000;155211,000000000000000000
291;157764,000000000000000000;150598,000000000000000000;155219,000000000000000000
292;157764,000000000000000000;150598,000000000000000000;155231,000000000000000000
293;157764,000000000000000000;150598,000000000000000000;155233,000000000000000000
294;157764,000000000000000000;150598,000000000000000000;155239,000000000000000000
295;157764,000000000000000000;150598,000000000000000000;155254,000000000000000000
296;157764,000000000000000000;150598,000000000000000000;155266,000000000000000000
297;157764,000000000000000000;150598,000000000000000000;155284,000000000000000000
298;157764,000000000000000000;150598,000000000000000000;155289,000000000000000000
299;157764,000000000000000000;150598,000000000000000000;155289,000000000000000000
300;157764,000000000000000000;150598,000000000000000000;155308,000000000000000000
301;157764,000000000000000000;150598,000000000000000000;155315,000000000000000000
302;157764,000000000000000000;150598,000000000000000000;155341,000000000000000000
303;157764,000000000000000000;150598,000000000000000000;155371,000000000000000000
304;157764,000000000000000000;150598,000000000000000000;155378,000000000000000000
305;157764,000000000000000000;150598,000000000000000000;155385,000000000000000000
306;157764,000000000000000000;150598,000000000000000000;155394,000000000000000000
307;157764,000000000000000000;150598,000000000000000000;155415,000000000000000000
308;157764,000000000000000000;150598,000000000000000000;155451,000000000000000000
309;157764,000000000000000000;150598,000000000000000000;155451,000000000000000000
310;157764,000000000000000000;150598,000000000000000000;155471,000000000000000000
311;157764,000000000000000000;150598,000000000000000000;155483,000000000000000000
312;157764,000000000000000000;150598,000000000000000000;155483,000000000000000000
313;157764,000000000000000000;150598,000000000000000000;155483,000000000000000000
314;157764,000000000000000000;150598,000000000000000000;155493,000000000000000000
315;157764,000000000000000000;150598,000000000000000000;155505,000000000000000000
316;157764,000000000000000000;150598,000000000000000000;155505,000000000000000000
317;157764,000000000000000000;150598,000000000000000000;155505,000000000000000000
318;157764,000000000000000000;150598,000000000000000000;155507,000000000000000000
319;157764,000000000000000000;150598,000000000000000000;155519,000000000000000000
320;157764,000000000000000000;150598,000000000000000000;155555,000000000000000000
321;157764,000000000000000000;150598,000000000000000000;155569,000000000000000000
322;157764,000000000000000000;150598,000000000000000000;155574,000000000000000000
323;157764,000000000000000000;150598,000000000000000000;155581,000000000000000000
324;157764,000000000000000000;150598,000000000000000000;155588,000000000000000000
325;157764,000000000000000000;150598,000000000000000000;155588,000000000000000000
326;157764,000000000000000000;150598,000000000000000000;155603,000000000000000000
327;157764,000000000000000000;150598,000000000000000000;155615,000000000000000000
328;157764,000000000000000000;150598,000000000000000000;155615,000000000000000000
329;157764,000000000000000000;150598,000000000000000000;155635,000000000000000000
330;157764,000000000000000000;150598,000000000000000000;155652,000000000000000000
331;157764,000000000000000000;150598,000000000000000000;155652,000000000000000000
332;157764,000000000000000000;150598,000000000000000000;155652,000000000000000000
333;157764,000000000000000000;150598,000000000000000000;155660,000000000000000000
334;157764,000000000000000000;150598,000000000000000000;155667,000000000000000000
335;157764,000000000000000000;150598,000000000000000000;155667,000000000000000000
336;157764,000000000000000000;150598,000000000000000000;155667,000000000000000000
337;157764,000000000000000000;150598,000000000000000000;155667,000000000000000000
338;157764,000000000000000000;150598,000000000000000000;155667,000000000000000000
339;157764,000000000000000000;150598,000000000000000000;155667,000000000000000000
340;157764,000000000000000000;150598,000000000000000000;155686,000000000000000000
341;157764,000000000000000000;150598,000000000000000000;155712,000000000000000000
342;157764,000000000000000000;150598,000000000000000000;155732,000000000000000000
343;157764,000000000000000000;150598,000000000000000000;155766,000000000000000000
344;157764,000000000000000000;150598,000000000000000000;155779,000000000000000000
345;157764,000000000000000000;150598,000000000000000000;155801,000000000000000000
346;157764,000000000000000000;150598,000000000000000000;155801,000000000000000000
347;157764,000000000000000000;150598,000000000000000000;155805,000000000000000000
348;157764,000000000000000000;150598,000000000000000000;155810,000000000000000000
349;157764,000000000000000000;150598,000000000000000000;155834,000000000000000000
350;157764,000000000000000000;150598,000000000000000000;155841,000000000000000000
351;157764,000000000000000000;150598,000000000000000000;155848,000000000000000000
352;157764,000000000000000000;150598,000000000000000000;155857,000000000000000000
353;157764,000000000000000000;150598,000000000000000000;155872,000000000000000000
354;157764,000000000000000000;150598,000000000000000000;155886,000000000000000000
355;157764,000000000000000000;150598,000000000000000000;155891,000000000000000000
356;157764,000000000000000000;150598,000000000000000000;155909,000000000000000000
357;157764,000000000000000000;150598,000000000000000000;155909,000000000000000000
358;157764,000000000000000000;150598,000000000000000000;155933,000000000000000000
359;157764,000000000000000000;150598,000000000000000000;155938,000000000000000000
360;157764,000000000000000000;150598,000000000000000000;155953,000000000000000000
361;157764,000000000000000000;150598,000000000000000000;155953,000000000000000000
362;157764,000000000000000000;152423,000000000000000000;155972,000000000000000000
363;157764,000000000000000000;152423,000000000000000000;155984,000000000000000000
364;157764,000000000000000000;152423,000000000000000000;155991,000000000000000000
365;157764,000000000000000000;152423,000000000000000000;155991,000000000000000000
366;157764,000000000000000000;152423,000000000000000000;156004,000000000000000000
367;157764,000000000000000000;152423,000000000000000000;156012,000000000000000000
368;157764,000000000000000000;152423,000000000000000000;156012,000000000000000000
369;157764,000000000000000000;152423,000000000000000000;156012,000000000000000000
370;157764,000000000000000000;152423,000000000000000000;156015,000000000000000000
371;157764,000000000000000000;152423,000000000000000000;156029,000000000000000000
372;157764,000000000000000000;152423,000000000000000000;156035,000000000000000000
373;157764,000000000000000000;152423,000000000000000000;156048,000000000000000000
374;157764,000000000000000000;152423,000000000000000000;156063,000000000000000000
375;157764,000000000000000000;152423,000000000000000000;156066,000000000000000000
376;157764,000000000000000000;152423,000000000000000000;156072,000000000000000000
377;157764,000000000000000000;152423,000000000000000000;156082,000000000000000000
378;157764,000000000000000000;152423,000000000000000000;156088,000000000000000000
379;157764,000000000000000000;152423,000000000000000000;156121,000000000000000000
380;157764,000000000000000000;152423,000000000000000000;156134,000000000000000000
381;157764,000000000000000000;152423,000000000000000000;156136,000000000000000000
382;157764,000000000000000000;152423,000000000000000000;156146,000000000000000000
383;157764,000000000000000000;152423,000000000000000000;156147,000000000000000000
384;157764,000000000000000000;152423,000000000000000000;156157,000000000000000000
385;157764,000000000000000000;152423,000000000000000000;156159,000000000000000000
386;157764,000000000000000000;152423,000000000000000000;156166,000000000000000000
387;157764,000000000000000000;152423,000000000000000000;156167,000000000000000000
388;157764,000000000000000000;152423,000000000000000000;156188,000000000000000000
389;157764,000000000000000000;152423,000000000000000000;156197,000000000000000000
390;157764,000000000000000000;152423,000000000000000000;156207,000000000000000000
391;157764,000000000000000000;152423,000000000000000000;156216,000000000000000000
392;157764,000000000000000000;152423,000000000000000000;156220,000000000000000000
393;157764,000000000000000000;152423,000000000000000000;156227,000000000000000000
394;157764,000000000000000000;152423,000000000000000000;156229,000000000000000000
395;157764,000000000000000000;152423,000000000000000000;156236,000000000000000000
396;157764,000000000000000000;152423,000000000000000000;156240,000000000000000000
397;157764,000000000000000000;152423,000000000000000000;156256,000000000000000000
398;157764,000000000000000000;152423,000000000000000000;156284,000000000000000000
399;157764,000000000000000000;152423,000000000000000000;156303,000000000000000000
400;157764,000000000000000000;152423,000000000000000000;156303,000000000000000000
401;157764,000000000000000000;152423,000000000000000000;156313,000000000000000000
402;157764,000000000000000000;152423,000000000000000000;156313,000000000000000000
403;157764,000000000000000000;152423,000000000000000000;156313,000000000000000000
404;157764,000000000000000000;152423,000000000000000000;156338,000000000000000000
405;157764,000000000000000000;152423,000000000000000000;156369,000000000000000000
406;157764,000000000000000000;152423,000000000000000000;156382,000000000000000000
407;157764,000000000000000000;152603,000000000000000000;156400,000000000000000000
408;157764,000000000000000000;152603,000000000000000000;156403,000000000000000000
409;157764,000000000000000000;152603,000000000000000000;156412,000000000000000000
410;157764,000000000000000000;152603,000000000000000000;156417,000000000000000000
411;157764,000000000000000000;152603,000000000000000000;156424,000000000000000000
412;157764,000000000000000000;152603,000000000000000000;156424,000000000000000000
413;157764,000000000000000000;152603,000000000000000000;156440,000000000000000000
414;157764,000000000000000000;152603,000000000000000000;156441,000000000000000000
415;157764,000000000000000000;152603,000000000000000000;156441,000000000000000000
416;157764,000000000000000000;152603,000000000000000000;156449,000000000000000000
417;157764,000000000000000000;152603,000000000000000000;156449,000000000000000000
418;157764,000000000000000000;152603,000000000000000000;156455,000000000000000000
419;157764,000000000000000000;152603,000000000000000000;156469,000000000000000000
420;157764,000000000000000000;152603,000000000000000000;156469,000000000000000000
421;157764,000000000000000000;152603,000000000000000000;156487,000000000000000000
422;157764,000000000000000000;152603,000000000000000000;156495,000000000000000000
423;157764,000000000000000000;152603,000000000000000000;156495,000000000000000000
424;157764,000000000000000000;152603,000000000000000000;156509,000000000000000000
425;157764,000000000000000000;152603,000000000000000000;156515,000000000000000000
426;157764,000000000000000000;152603,000000000000000000;156528,000000000000000000
427;157764,000000000000000000;152603,000000000000000000;156528,000000000000000000
428;157764,000000000000000000;152603,000000000000000000;156534,000000000000000000
429;157764,000000000000000000;152603,000000000000000000;156541,000000000000000000
430;157764,000000000000000000;152603,000000000000000000;156541,000000000000000000
431;157764,000000000000000000;152603,000000000000000000;156542,000000000000000000
432;157764,000000000000000000;152603,000000000000000000;156549,000000000000000000
433;157764,000000000000000000;152603,000000000000000000;156555,000000000000000000
434;157764,000000000000000000;152603,000000000000000000;156562,000000000000000000
435;157764,000000000000000000;152603,000000000000000000;156569,000000000000000000
436;157764,000000000000000000;152603,000000000000000000;156581,000000000000000000
437;157764,000000000000000000;152603,000000000000000000;156581,000000000000000000
438;157764,000000000000000000;152603,000000000000000000;156581,000000000000000000
439;157764,000000000000000000;152603,000000000000000000;156581,000000000000000000
440;157764,000000000000000000;152603,000000000000000000;156581,000000000000000000
441;157764,000000000000000000;152603,000000000000000000;156587,000000000000000000
442;157764,000000000000000000;152603,000000000000000000;156599,000000000000000000
443;157764,000000000000000000;152603,000000000000000000;156599,000000000000000000
444;157764,000000000000000000;152603,000000000000000000;156599,000000000000000000
445;157764,000000000000000000;152603,000000000000000000;156613,000000000000000000
446;157764,000000000000000000;152603,000000000000000000;156626,000000000000000000
447;157764,000000000000000000;152603,000000000000000000;156626,000000000000000000
448;157764,000000000000000000;152603,000000000000000000;156634,000000000000000000
449;157764,000000000000000000;152603,000000000000000000;156647,000000000000000000
450;157764,000000000000000000;152603,000000000000000000;156655,000000000000000000
451;157764,000000000000000000;152603,000000000000000000;156655,000000000000000000
452;157764,000000000000000000;152603,000000000000000000;156655,000000000000000000
453;157764,000000000000000000;152603,000000000000000000;156668,000000000000000000
454;157764,000000000000000000;152603,000000000000000000;156669,000000000000000000
455;157764,000000000000000000;152603,000000000000000000;156680,000000000000000000
456;157764,000000000000000000;152603,000000000000000000;156681,000000000000000000
457;157764,000000000000000000;152603,000000000000000000;156683,000000000000000000
458;157764,000000000000000000;152603,000000000000000000;156689,000000000000000000
459;157764,000000000000000000;152603,000000000000000000;156696,000000000000000000
460;157764,000000000000000000;152603,000000000000000000;156697,000000000000000000
461;157764,000000000000000000;152603,000000000000000000;156701,000000000000000000
462;157764,000000000000000000;152603,000000000000000000;156701,000000000000000000
463;157764,000000000000000000;152603,000000000000000000;156701,000000000000000000
464;157764,000000000000000000;152603,000000000000000000;156701,000000000000000000
465;157764,000000000000000000;152603,000000000000000000;156701,000000000000000000
466;157764,000000000000000000;152603,000000000000000000;156707,000000000000000000
467;157764,000000000000000000;152603,000000000000000000;156714,000000000000000000
468;157764,000000000000000000;152603,000000000000000000;156714,000000000000000000
469;157764,000000000000000000;152603,000000000000000000;156714,000000000000000000
470;157764,000000000000000000;152603,000000000000000000;156714,000000000000000000
471;157764,000000000000000000;152603,000000000000000000;156714,000000000000000000
472;157764,000000000000000000;152603,000000000000000000;156722,000000000000000000
473;157764,000000000000000000;152603,000000000000000000;156723,000000000000000000
474;157764,000000000000000000;152603,000000000000000000;156730,000000000000000000
475;157764,000000000000000000;152603,000000000000000000;156731,000000000000000000
476;157764,000000000000000000;152603,000000000000000000;156731,000000000000000000
477;157764,000000000000000000;152603,000000000000000000;156732,000000000000000000
478;157764,000000000000000000;152603,000000000000000000;156745,000000000000000000
479;157764,000000000000000000;152603,000000000000000000;156745,000000000000000000
480;157764,000000000000000000;152603,000000000000000000;156752,000000000000000000
481;157764,000000000000000000;152603,000000000000000000;156753,000000000000000000
482;157764,000000000000000000;152603,000000000000000000;156760,000000000000000000
483;157764,000000000000000000;152603,000000000000000000;156760,000000000000000000
484;157764,000000000000000000;152603,000000000000000000;156767,000000000000000000
485;157764,000000000000000000;152603,000000000000000000;156767,000000000000000000
486;157764,000000000000000000;152603,000000000000000000;156767,000000000000000000
487;157764,000000000000000000;152603,000000000000000000;156767,000000000000000000
488;157764,000000000000000000;152603,000000000000000000;156767,000000000000000000
489;157764,000000000000000000;152603,000000000000000000;156774,000000000000000000
490;157764,000000000000000000;152603,000000000000000000;156780,000000000000000000
491;157764,000000000000000000;152603,000000000000000000;156793,000000000000000000
492;157764,000000000000000000;152603,000000000000000000;156800,000000000000000000
493;157764,000000000000000000;152603,000000000000000000;156800,000000000000000000
494;157764,000000000000000000;152603,000000000000000000;156800,000000000000000000
495;157764,000000000000000000;152603,000000000000000000;156800,000000000000000000
496;157764,000000000000000000;152603,000000000000000000;156800,000000000000000000
497;157764,000000000000000000;152603,000000000000000000;156800,000000000000000000
498;157764,000000000000000000;152603,000000000000000000;156807,000000000000000000
499;157764,000000000000000000;152603,000000000000000000;156808,000000000000000000
500;157764,000000000000000000;152603,000000000000000000;156808,000000000000000000
501;157764,000000000000000000;152603,000000000000000000;156820,000000000000000000
502;157764,000000000000000000;152603,000000000000000000;156820,000000000000000000
503;157764,000000000000000000;152603,000000000000000000;156820,000000000000000000
504;157764,000000000000000000;152603,000000000000000000;156821,000000000000000000
505;157764,000000000000000000;152603,000000000000000000;156821,000000000000000000
506;157764,000000000000000000;152603,000000000000000000;156821,000000000000000000
507;157764,000000000000000000;152603,000000000000000000;156828,000000000000000000
508;157764,000000000000000000;152603,000000000000000000;156828,000000000000000000
509;157764,000000000000000000;152603,000000000000000000;156828,000000000000000000
510;157764,000000000000000000;152603,000000000000000000;156840,000000000000000000
511;157764,000000000000000000;152603,000000000000000000;156840,000000000000000000
512;157764,000000000000000000;152603,000000000000000000;156841,000000000000000000
513;157764,000000000000000000;152603,000000000000000000;156854,000000000000000000
514;157764,000000000000000000;152603,000000000000000000;156855,000000000000000000
515;157764,000000000000000000;152603,000000000000000000;156856,000000000000000000
516;157764,000000000000000000;152603,000000000000000000;156868,000000000000000000
517;157764,000000000000000000;152603,000000000000000000;156875,000000000000000000
518;157764,000000000000000000;152603,000000000000000000;156894,000000000000000000
519;157764,000000000000000000;152603,000000000000000000;156901,000000000000000000
520;157764,000000000000000000;152603,000000000000000000;156901,000000000000000000
521;157764,000000000000000000;152603,000000000000000000;156913,000000000000000000
522;157764,000000000000000000;152603,000000000000000000;156932,000000000000000000
523;157764,000000000000000000;152603,000000000000000000;156940,000000000000000000
524;157764,000000000000000000;155323,000000000000000000;156952,000000000000000000
525;157764,000000000000000000;155323,000000000000000000;156954,000000000000000000
526;157764,000000000000000000;155323,000000000000000000;156954,000000000000000000
527;157764,000000000000000000;155323,000000000000000000;156955,000000000000000000
528;157764,000000000000000000;155323,000000000000000000;156956,000000000000000000
529;157764,000000000000000000;155323,000000000000000000;156961,000000000000000000
530;157764,000000000000000000;155323,000000000000000000;156961,000000000000000000
531;157764,000000000000000000;155323,000000000000000000;156962,000000000000000000
532;157764,000000000000000000;155323,000000000000000000;156963,000000000000000000
533;157764,000000000000000000;155323,000000000000000000;156963,000000000000000000
534;157764,000000000000000000;155323,000000000000000000;156964,000000000000000000
535;157764,000000000000000000;155323,000000000000000000;156969,000000000000000000
536;157764,000000000000000000;155323,000000000000000000;156970,000000000000000000
537;157764,000000000000000000;155323,000000000000000000;156976,000000000000000000
538;157764,000000000000000000;155323,000000000000000000;156977,000000000000000000
539;157764,000000000000000000;155323,000000000000000000;156977,000000000000000000
540;157764,000000000000000000;155323,000000000000000000;156977,000000000000000000
541;157764,000000000000000000;155323,000000000000000000;156978,000000000000000000
542;157764,000000000000000000;155323,000000000000000000;156978,000000000000000000
543;157764,000000000000000000;155323,000000000000000000;156978,000000000000000000
544;157764,000000000000000000;155323,000000000000000000;156985,000000000000000000
545;157764,000000000000000000;155323,000000000000000000;156987,000000000000000000
546;157764,000000000000000000;155323,000000000000000000;156987,000000000000000000
547;157764,000000000000000000;155323,000000000000000000;156994,000000000000000000
548;157764,000000000000000000;155323,000000000000000000;156994,000000000000000000
549;157764,000000000000000000;155323,000000000000000000;156995,000000000000000000
550;157764,000000000000000000;155323,000000000000000000;157001,000000000000000000
551;157764,000000000000000000;155323,000000000000000000;157001,000000000000000000
552;157764,000000000000000000;155323,000000000000000000;157003,000000000000000000
553;157764,000000000000000000;155323,000000000000000000;157005,000000000000000000
554;157764,000000000000000000;155323,000000000000000000;157008,000000000000000000
555;157764,000000000000000000;155323,000000000000000000;157013,000000000000000000
556;157764,000000000000000000;155323,000000000000000000;157013,000000000000000000
557;157764,000000000000000000;155323,000000000000000000;157014,000000000000000000
558;157764,000000000000000000;155323,000000000000000000;157015,000000000000000000
559;157764,000000000000000000;155323,000000000000000000;157019,000000000000000000
560;157764,000000000000000000;155323,000000000000000000;157020,000000000000000000
561;157764,000000000000000000;155323,000000000000000000;157021,000000000000000000
562;157764,000000000000000000;155323,000000000000000000;157028,000000000000000000
563;157764,000000000000000000;155323,000000000000000000;157028,000000000000000000
564;157764,000000000000000000;155323,000000000000000000;157035,000000000000000000
565;157764,000000000000000000;155323,000000000000000000;157042,000000000000000000
566;157764,000000000000000000;155323,000000000000000000;157042,000000000000000000
567;157764,000000000000000000;155323,000000000000000000;157043,000000000000000000
568;157764,000000000000000000;155323,000000000000000000;157050,000000000000000000
569;157764,000000000000000000;155323,000000000000000000;157057,000000000000000000
570;157764,000000000000000000;155323,000000000000000000;157058,000000000000000000
571;157764,000000000000000000;155323,000000000000000000;157059,000000000000000000
572;157764,000000000000000000;155323,000000000000000000;157059,000000000000000000
573;157764,000000000000000000;155323,000000000000000000;157066,000000000000000000
574;157764,000000000000000000;155323,000000000000000000;157066,000000000000000000
575;157764,000000000000000000;155323,000000000000000000;157067,000000000000000000
576;157764,000000000000000000;155323,000000000000000000;157068,000000000000000000
577;157764,000000000000000000;155323,000000000000000000;157069,000000000000000000
578;157764,000000000000000000;155323,000000000000000000;157075,000000000000000000
579;157764,000000000000000000;155323,000000000000000000;157077,000000000000000000
580;157764,000000000000000000;155323,000000000000000000;157079,000000000000000000
581;157764,000000000000000000;155323,000000000000000000;157079,000000000000000000
582;157764,000000000000000000;155323,000000000000000000;157091,000000000000000000
583;157764,000000000000000000;155323,000000000000000000;157093,000000000000000000
584;157764,000000000000000000;155323,000000000000000000;157094,000000000000000000
585;157764,000000000000000000;155323,000000000000000000;157094,000000000000000000
586;157764,000000000000000000;155323,000000000000000000;157100,000000000000000000
587;157764,000000000000000000;155323,000000000000000000;157108,000000000000000000
588;157764,000000000000000000;155323,000000000000000000;157109,000000000000000000
589;157764,000000000000000000;155323,000000000000000000;157111,000000000000000000
590;157764,000000000000000000;155323,000000000000000000;157113,000000000000000000
591;157764,000000000000000000;155323,000000000000000000;157113,000000000000000000
592;157764,000000000000000000;155323,000000000000000000;157118,000000000000000000
593;157764,000000000000000000;155323,000000000000000000;157118,000000000000000000
594;157764,000000000000000000;155323,000000000000000000;157119,000000000000000000
595;157764,000000000000000000;155323,000000000000000000;157120,000000000000000000
596;157764,000000000000000000;155323,000000000000000000;157121,000000000000000000
597;157764,000000000000000000;155323,000000000000000000;157122,000000000000000000
598;157764,000000000000000000;155323,000000000000000000;157128,000000000000000000
599;157764,000000000000000000;155323,000000000000000000;157129,000000000000000000
600;157764,000000000000000000;155323,000000000000000000;157129,000000000000000000
601;157764,000000000000000000;155323,000000000000000000;157130,000000000000000000
602;157764,000000000000000000;155323,000000000000000000;157131,000000000000000000
603;157764,000000000000000000;155323,000000000000000000;157139,000000000000000000
604;157764,000000000000000000;155323,000000000000000000;157141,000000000000000000
605;157764,000000000000000000;155323,000000000000000000;157141,000000000000000000
606;157764,000000000000000000;155323,000000000000000000;157147,000000000000000000
607;157764,000000000000000000;155323,000000000000000000;157147,000000000000000000
608;157764,000000000000000000;155323,000000000000000000;157147,000000000000000000
609;157764,000000000000000000;155323,000000000000000000;157147,000000000000000000
610;157764,000000000000000000;155323,000000000000000000;157148,000000000000000000
611;157764,000000000000000000;155323,000000000000000000;157150,000000000000000000
612;157764,000000000000000000;155323,000000000000000000;157156,000000000000000000
613;157764,000000000000000000;155323,000000000000000000;157156,000000000000000000
614;157764,000000000000000000;155323,000000000000000000;157158,000000000000000000
615;157764,000000000000000000;155323,000000000000000000;157159,000000000000000000
616;157764,000000000000000000;155323,000000000000000000;157160,000000000000000000
617;157764,000000000000000000;155323,000000000000000000;157160,000000000000000000
618;157764,000000000000000000;155323,000000000000000000;157167,000000000000000000
619;157764,000000000000000000;155323,000000000000000000;157167,000000000000000000
620;157764,000000000000000000;155323,000000000000000000;157167,000000000000000000
621;157764,000000000000000000;155323,000000000000000000;157170,000000000000000000
622;157764,000000000000000000;155323,000000000000000000;157174,000000000000000000
623;157764,000000000000000000;155323,000000000000000000;157176,000000000000000000
624;157764,000000000000000000;155323,000000000000000000;157182,000000000000000000
625;157764,000000000000000000;155323,000000000000000000;157187,000000000000000000
626;157764,000000000000000000;155323,000000000000000000;157188,000000000000000000
627;157764,000000000000000000;155323,000000000000000000;157190,000000000000000000
628;157764,000000000000000000;155323,000000000000000000;157190,000000000000000000
629;157764,000000000000000000;155323,000000000000000000;157195,000000000000000000
630;157764,000000000000000000;155323,000000000000000000;157196,000000000000000000
631;157764,000000000000000000;155323,000000000000000000;157197,000000000000000000
632;157764,000000000000000000;155323,000000000000000000;157201,000000000000000000
633;157764,000000000000000000;155323,000000000000000000;157202,000000000000000000
634;157764,000000000000000000;155323,000000000000000000;157209,000000000000000000
635;157764,000000000000000000;155323,000000000000000000;157210,000000000000000000
636;157764,000000000000000000;155323,000000000000000000;157210,000000000000000000
637;157764,000000000000000000;155323,000000000000000000;157211,000000000000000000
638;157764,000000000000000000;155323,000000000000000000;157213,000000000000000000
639;157764,000000000000000000;155323,000000000000000000;157219,000000000000000000
640;157764,000000000000000000;155323,000000000000000000;157220,000000000000000000
641;157764,000000000000000000;155323,000000000000000000;157220,000000000000000000
642;157764,000000000000000000;155323,000000000000000000;157220,000000000000000000
643;157764,000000000000000000;155323,000000000000000000;157221,000000000000000000
644;157764,000000000000000000;155323,000000000000000000;157222,000000000000000000
645;157764,000000000000000000;155323,000000000000000000;157224,000000000000000000
646;157764,000000000000000000;155323,000000000000000000;157225,000000000000000000
647;157764,000000000000000000;155323,000000000000000000;157232,000000000000000000
648;157764,000000000000000000;155323,000000000000000000;157233,000000000000000000
649;157764,000000000000000000;155323,000000000000000000;157235,000000000000000000
650;157764,000000000000000000;155323,000000000000000000;157235,000000000000000000
651;157764,000000000000000000;155323,000000000000000000;157235,000000000000000000
652;157764,000000000000000000;155323,000000000000000000;157237,000000000000000000
653;157764,000000000000000000;155323,000000000000000000;157238,000000000000000000
654;157764,000000000000000000;155323,000000000000000000;157243,000000000000000000
655;157764,000000000000000000;155323,000000000000000000;157244,000000000000000000
656;157764,000000000000000000;155323,000000000000000000;157252,000000000000000000
657;157764,000000000000000000;155323,000000000000000000;157252,000000000000000000
658;157764,000000000000000000;155323,000000000000000000;157253,000000000000000000
659;157764,000000000000000000;155323,000000000000000000;157260,000000000000000000
660;157764,000000000000000000;155323,000000000000000000;157266,000000000000000000
661;157764,000000000000000000;155323,000000000000000000;157272,000000000000000000
662;157764,000000000000000000;155323,000000000000000000;157279,000000000000000000
663;157764,000000000000000000;155323,000000000000000000;157281,000000000000000000
664;157764,000000000000000000;155323,000000000000000000;157281,000000000000000000
665;157764,000000000000000000;155323,000000000000000000;157282,000000000000000000
666;157764,000000000000000000;155323,000000000000000000;157288,000000000000000000
667;157764,000000000000000000;155323,000000000000000000;157294,000000000000000000
668;157764,000000000000000000;155323,000000000000000000;157294,000000000000000000
669;157764,000000000000000000;155323,000000000000000000;157300,000000000000000000
670;157764,000000000000000000;155323,000000000000000000;157300,000000000000000000
671;157764,000000000000000000;155323,000000000000000000;157306,000000000000000000
672;157764,000000000000000000;155323,000000000000000000;157306,000000000000000000
673;157764,000000000000000000;155323,000000000000000000;157306,000000000000000000
674;157764,000000000000000000;155323,000000000000000000;157306,000000000000000000
675;157764,000000000000000000;155323,000000000000000000;157306,000000000000000000
676;157764,000000000000000000;155323,000000000000000000;157306,000000000000000000
677;157764,000000000000000000;155323,000000000000000000;157312,000000000000000000
678;157764,000000000000000000;155323,000000000000000000;157319,000000000000000000
679;157764,000000000000000000;155323,000000000000000000;157325,000000000000000000
680;157764,000000000000000000;155323,000000000000000000;157325,000000000000000000
681;157764,000000000000000000;155323,000000000000000000;157325,000000000000000000
682;157764,000000000000000000;155323,000000000000000000;157331,000000000000000000
683;157764,000000000000000000;155323,000000000000000000;157331,000000000000000000
684;157764,000000000000000000;155323,000000000000000000;157331,000000000000000000
685;157764,000000000000000000;155323,000000000000000000;157331,000000000000000000
686;157764,000000000000000000;155323,000000000000000000;157337,000000000000000000
687;157764,000000000000000000;155323,000000000000000000;157337,000000000000000000
688;157764,000000000000000000;155323,000000000000000000;157337,000000000000000000
689;157764,000000000000000000;155323,000000000000000000;157337,000000000000000000
690;157764,000000000000000000;155323,000000000000000000;157337,000000000000000000
691;157764,000000000000000000;155323,000000000000000000;157337,000000000000000000
692;157764,000000000000000000;155323,000000000000000000;157337,000000000000000000
693;157764,000000000000000000;155323,000000000000000000;157337,000000000000000000
694;157764,000000000000000000;155323,000000000000000000;157337,000000000000000000
695;157764,000000000000000000;155323,000000000000000000;157337,000000000000000000
696;157764,000000000000000000;155323,000000000000000000;157337,000000000000000000
697;157764,000000000000000000;155323,000000000000000000;157337,000000000000000000
698;157764,000000000000000000;155323,000000000000000000;157337,000000000000000000
699;157764,000000000000000000;155323,000000000000000000;157337,000000000000000000
700;157764,000000000000000000;155323,000000000000000000;157337,000000000000000000
701;157764,000000000000000000;155323,000000000000000000;157337,000000000000000000
702;157764,000000000000000000;155323,000000000000000000;157337,000000000000000000
703;157764,000000000000000000;155323,000000000000000000;157337,000000000000000000
704;157764,000000000000000000;155323,000000000000000000;157337,000000000000000000
705;157764,000000000000000000;155323,000000000000000000;157337,000000000000000000
706;157764,000000000000000000;155323,000000000000000000;157337,000000000000000000
707;157764,000000000000000000;155323,000000000000000000;157337,000000000000000000
708;157764,000000000000000000;155323,000000000000000000;157337,000000000000000000
709;157764,000000000000000000;155323,000000000000000000;157337,000000000000000000
710;157764,000000000000000000;155323,000000000000000000;157337,000000000000000000
711;157764,000000000000000000;155323,000000000000000000;157343,000000000000000000
712;157764,000000000000000000;155323,000000000000000000;157355,000000000000000000
713;157764,000000000000000000;155323,000000000000000000;157355,000000000000000000
714;157764,000000000000000000;155323,000000000000000000;157367,000000000000000000
715;157764,000000000000000000;155323,000000000000000000;157367,000000000000000000
716;157764,000000000000000000;155323,000000000000000000;157373,000000000000000000
717;157764,000000000000000000;155323,000000000000000000;157373,000000000000000000
718;157764,000000000000000000;155323,000000000000000000;157373,000000000000000000
719;157764,000000000000000000;155323,000000000000000000;157380,000000000000000000
720;157764,000000000000000000;155323,000000000000000000;157392,000000000000000000
721;157764,000000000000000000;155323,000000000000000000;157392,000000000000000000
722;157764,000000000000000000;155323,000000000000000000;157392,000000000000000000
723;157764,000000000000000000;155323,000000000000000000;157392,000000000000000000
724;157764,000000000000000000;155323,000000000000000000;157398,000000000000000000
725;157764,000000000000000000;155323,000000000000000000;157398,000000000000000000
726;157764,000000000000000000;155323,000000000000000000;157398,000000000000000000
727;157764,000000000000000000;155323,000000000000000000;157398,000000000000000000
728;157764,000000000000000000;155323,000000000000000000;157404,000000000000000000
729;157764,000000000000000000;155323,000000000000000000;157404,000000000000000000
730;157764,000000000000000000;155323,000000000000000000;157404,000000000000000000
731;157764,000000000000000000;155323,000000000000000000;157404,000000000000000000
732;157764,000000000000000000;155323,000000000000000000;157410,000000000000000000
733;157764,000000000000000000;155323,000000000000000000;157410,000000000000000000
734;157764,000000000000000000;155323,000000000000000000;157410,000000000000000000
735;157764,000000000000000000;155323,000000000000000000;157410,000000000000000000
736;157764,000000000000000000;155323,000000000000000000;157416,000000000000000000
737;157764,000000000000000000;155323,000000000000000000;157416,000000000000000000
738;157764,000000000000000000;155323,000000000000000000;157422,000000000000000000
739;157764,000000000000000000;155323,000000000000000000;157428,000000000000000000
740;157764,000000000000000000;155323,000000000000000000;157428,000000000000000000
741;157764,000000000000000000;155323,000000000000000000;157428,000000000000000000
742;157764,000000000000000000;155323,000000000000000000;157434,000000000000000000
743;157764,000000000000000000;155323,000000000000000000;157434,000000000000000000
744;157764,000000000000000000;155323,000000000000000000;157434,000000000000000000
745;157764,000000000000000000;155323,000000000000000000;157434,000000000000000000
746;157764,000000000000000000;155323,000000000000000000;157434,000000000000000000
747;157764,000000000000000000;155323,000000000000000000;157434,000000000000000000
748;157764,000000000000000000;155323,000000000000000000;157434,000000000000000000
749;157764,000000000000000000;155323,000000000000000000;157434,000000000000000000
750;157764,000000000000000000;155323,000000000000000000;157434,000000000000000000
751;157764,000000000000000000;155323,000000000000000000;157436,000000000000000000
752;157764,000000000000000000;155323,000000000000000000;157436,000000000000000000
753;157764,000000000000000000;155323,000000000000000000;157441,000000000000000000
754;157764,000000000000000000;155323,000000000000000000;157441,000000000000000000
755;157764,000000000000000000;155323,000000000000000000;157441,000000000000000000
756;157764,000000000000000000;155323,000000000000000000;157447,000000000000000000
757;157764,000000000000000000;155323,000000000000000000;157447,000000000000000000
758;157764,000000000000000000;155323,000000000000000000;157447,000000000000000000
759;157764,000000000000000000;155323,000000000000000000;157453,000000000000000000
760;157764,000000000000000000;155323,000000000000000000;157453,000000000000000000
761;157764,000000000000000000;155323,000000000000000000;157453,000000000000000000
762;157764,000000000000000000;155323,000000000000000000;157453,000000000000000000
763;157764,000000000000000000;155323,000000000000000000;157453,000000000000000000
764;157764,000000000000000000;155323,000000000000000000;157453,000000000000000000
765;157764,000000000000000000;155323,000000000000000000;157453,000000000000000000
766;157764,000000000000000000;155323,000000000000000000;157453,000000000000000000
767;157764,000000000000000000;155323,000000000000000000;157459,000000000000000000
768;157764,000000000000000000;155323,000000000000000000;157459,000000000000000000
769;157764,000000000000000000;155323,000000000000000000;157465,000000000000000000
770;157764,000000000000000000;155323,000000000000000000;157465,000000000000000000
771;157764,000000000000000000;155323,000000000000000000;157471,000000000000000000
772;157764,000000000000000000;155323,000000000000000000;157471,000000000000000000
773;157764,000000000000000000;155323,000000000000000000;157471,000000000000000000
774;157764,000000000000000000;155323,000000000000000000;157471,000000000000000000
775;157764,000000000000000000;155323,000000000000000000;157471,000000000000000000
776;157764,000000000000000000;155323,000000000000000000;157471,000000000000000000
777;157764,000000000000000000;155323,000000000000000000;157471,000000000000000000
778;157764,000000000000000000;155323,000000000000000000;157471,000000000000000000
779;157764,000000000000000000;155323,000000000000000000;157471,000000000000000000
780;157764,000000000000000000;155323,000000000000000000;157471,000000000000000000
781;157764,000000000000000000;155323,000000000000000000;157471,000000000000000000
782;157764,000000000000000000;155323,000000000000000000;157477,000000000000000000
783;157764,000000000000000000;155323,000000000000000000;157477,000000000000000000
784;157764,000000000000000000;155323,000000000000000000;157477,000000000000000000
785;157764,000000000000000000;155323,000000000000000000;157483,000000000000000000
786;157764,000000000000000000;155323,000000000000000000;157483,000000000000000000
787;157764,000000000000000000;155323,000000000000000000;157483,000000000000000000
788;157764,000000000000000000;155323,000000000000000000;157483,000000000000000000
789;157764,000000000000000000;155323,000000000000000000;157483,000000000000000000
790;157764,000000000000000000;155323,000000000000000000;157483,000000000000000000
791;157764,000000000000000000;155323,000000000000000000;157483,000000000000000000
792;157764,000000000000000000;155323,000000000000000000;157483,000000000000000000
793;157764,000000000000000000;155323,000000000000000000;157483,000000000000000000
794;157764,000000000000000000;155323,000000000000000000;157483,000000000000000000
795;157764,000000000000000000;155323,000000000000000000;157483,000000000000000000
796;157764,000000000000000000;155323,000000000000000000;157489,000000000000000000
797;157764,000000000000000000;155323,000000000000000000;157489,000000000000000000
798;157764,000000000000000000;155323,000000000000000000;157489,000000000000000000
799;157764,000000000000000000;155323,000000000000000000;157489,000000000000000000
800;157764,000000000000000000;155323,000000000000000000;157489,000000000000000000
801;157764,000000000000000000;155323,000000000000000000;157490,000000000000000000
802;157764,000000000000000000;155323,000000000000000000;157490,000000000000000000
803;157764,000000000000000000;155323,000000000000000000;157490,000000000000000000
804;157764,000000000000000000;155323,000000000000000000;157490,000000000000000000
805;157764,000000000000000000;155323,000000000000000000;157490,000000000000000000
806;157764,000000000000000000;155323,000000000000000000;157497,000000000000000000
807;157764,000000000000000000;155323,000000000000000000;157497,000000000000000000
808;157764,000000000000000000;155323,000000000000000000;157509,000000000000000000
809;157764,000000000000000000;155323,000000000000000000;157509,000000000000000000
810;157764,000000000000000000;155323,000000000000000000;157514,000000000000000000
811;157764,000000000000000000;155323,000000000000000000;157514,000000000000000000
812;157764,000000000000000000;155323,000000000000000000;157515,000000000000000000
813;157764,000000000000000000;155323,000000000000000000;157515,000000000000000000
814;157764,000000000000000000;155323,000000000000000000;157515,000000000000000000
815;157764,000000000000000000;155323,000000000000000000;157515,000000000000000000
816;157764,000000000000000000;155323,000000000000000000;157515,000000000000000000
817;157764,000000000000000000;155323,000000000000000000;157515,000000000000000000
818;157764,000000000000000000;155323,000000000000000000;157516,000000000000000000
819;157764,000000000000000000;155323,000000000000000000;157517,000000000000000000
820;157764,000000000000000000;155323,000000000000000000;157517,000000000000000000
821;157764,000000000000000000;155323,000000000000000000;157517,000000000000000000
822;157764,000000000000000000;155323,000000000000000000;157523,000000000000000000
823;157764,000000000000000000;155323,000000000000000000;157523,000000000000000000
824;157764,000000000000000000;155323,000000000000000000;157534,000000000000000000
825;157764,000000000000000000;155323,000000000000000000;157539,000000000000000000
826;157764,000000000000000000;155323,000000000000000000;157539,000000000000000000
827;157764,000000000000000000;155323,000000000000000000;157539,000000000000000000
828;157764,000000000000000000;155323,000000000000000000;157539,000000000000000000
829;157764,000000000000000000;155323,000000000000000000;157539,000000000000000000
830;157764,000000000000000000;155323,000000000000000000;157539,000000000000000000
831;157764,000000000000000000;155323,000000000000000000;157545,000000000000000000
832;157764,000000000000000000;155323,000000000000000000;157551,000000000000000000
833;157764,000000000000000000;155323,000000000000000000;157551,000000000000000000
834;157764,000000000000000000;155323,000000000000000000;157551,000000000000000000
835;157764,000000000000000000;155323,000000000000000000;157551,000000000000000000
836;157764,000000000000000000;155323,000000000000000000;157551,000000000000000000
837;157764,000000000000000000;155323,000000000000000000;157558,000000000000000000
838;157764,000000000000000000;155323,000000000000000000;157569,000000000000000000
839;157764,000000000000000000;155323,000000000000000000;157569,000000000000000000
840;157764,000000000000000000;155323,000000000000000000;157569,000000000000000000
841;157764,000000000000000000;155323,000000000000000000;157569,000000000000000000
842;157764,000000000000000000;155323,000000000000000000;157575,000000000000000000
843;157764,000000000000000000;155323,000000000000000000;157575,000000000000000000
844;157764,000000000000000000;155323,000000000000000000;157575,000000000000000000
845;157764,000000000000000000;155323,000000000000000000;157575,000000000000000000
846;157764,000000000000000000;155323,000000000000000000;157581,000000000000000000
847;157764,000000000000000000;155323,000000000000000000;157587,000000000000000000
848;157764,000000000000000000;155323,000000000000000000;157593,000000000000000000
849;157764,000000000000000000;155323,000000000000000000;157593,000000000000000000
850;157764,000000000000000000;155323,000000000000000000;157593,000000000000000000
851;157764,000000000000000000;155323,000000000000000000;157599,000000000000000000
852;157764,000000000000000000;155323,000000000000000000;157599,000000000000000000
853;157764,000000000000000000;155323,000000000000000000;157599,000000000000000000
854;157764,000000000000000000;155323,000000000000000000;157599,000000000000000000
855;157764,000000000000000000;155323,000000000000000000;157599,000000000000000000
856;157764,000000000000000000;155323,000000000000000000;157605,000000000000000000
857;157764,000000000000000000;155323,000000000000000000;157611,000000000000000000
858;157764,000000000000000000;155323,000000000000000000;157611,000000000000000000
859;157764,000000000000000000;155323,000000000000000000;157611,000000000000000000
860;157764,000000000000000000;155323,000000000000000000;157611,000000000000000000
861;157764,000000000000000000;155323,000000000000000000;157618,000000000000000000
862;157764,000000000000000000;155323,000000000000000000;157618,000000000000000000
863;157764,000000000000000000;155323,000000000000000000;157624,000000000000000000
864;157764,000000000000000000;155323,000000000000000000;157630,000000000000000000
865;157764,000000000000000000;155323,000000000000000000;157630,000000000000000000
866;157764,000000000000000000;155323,000000000000000000;157636,000000000000000000
867;157764,000000000000000000;155323,000000000000000000;157636,000000000000000000
868;157764,000000000000000000;155323,000000000000000000;157636,000000000000000000
869;157764,000000000000000000;155323,000000000000000000;157636,000000000000000000
870;157764,000000000000000000;155323,000000000000000000;157636,000000000000000000
871;157764,000000000000000000;155323,000000000000000000;157636,000000000000000000
872;157764,000000000000000000;155323,000000000000000000;157636,000000000000000000
873;157764,000000000000000000;155323,000000000000000000;157642,000000000000000000
874;157764,000000000000000000;155323,000000000000000000;157642,000000000000000000
875;157764,000000000000000000;155323,000000000000000000;157642,000000000000000000
876;157764,000000000000000000;155323,000000000000000000;157648,000000000000000000
877;157764,000000000000000000;155323,000000000000000000;157648,000000000000000000
878;157764,000000000000000000;155323,000000000000000000;157654,000000000000000000
879;157764,000000000000000000;155323,000000000000000000;157654,000000000000000000
880;157764,000000000000000000;155323,000000000000000000;157654,000000000000000000
881;157764,000000000000000000;155323,000000000000000000;157654,000000000000000000
882;157764,000000000000000000;155323,000000000000000000;157660,000000000000000000
883;157764,000000000000000000;155323,000000000000000000;157666,000000000000000000
884;157764,000000000000000000;155323,000000000000000000;157666,000000000000000000
885;157764,000000000000000000;155323,000000000000000000;157666,000000000000000000
886;157764,000000000000000000;155323,000000000000000000;157666,000000000000000000
887;157764,000000000000000000;155323,000000000000000000;157666,000000000000000000
888;157764,000000000000000000;155323,000000000000000000;157679,000000000000000000
889;157764,000000000000000000;155323,000000000000000000;157679,000000000000000000
890;157764,000000000000000000;155323,000000000000000000;157679,000000000000000000
891;157764,000000000000000000;155323,000000000000000000;157679,000000000000000000
892;157764,000000000000000000;155323,000000000000000000;157679,000000000000000000
893;157764,000000000000000000;155323,000000000000000000;157685,000000000000000000
894;157764,000000000000000000;155323,000000000000000000;157685,000000000000000000
895;157764,000000000000000000;155323,000000000000000000;157691,000000000000000000
896;157764,000000000000000000;155323,000000000000000000;157691,000000000000000000
897;157764,000000000000000000;155323,000000000000000000;157691,000000000000000000
898;157764,000000000000000000;155323,000000000000000000;157691,000000000000000000
899;157764,000000000000000000;155323,000000000000000000;157697,000000000000000000
900;157764,000000000000000000;155323,000000000000000000;157697,000000000000000000
901;157764,000000000000000000;155323,000000000000000000;157697,000000000000000000
902;157764,000000000000000000;155323,000000000000000000;157703,000000000000000000
903;157764,000000000000000000;155323,000000000000000000;157709,000000000000000000
904;157764,000000000000000000;155323,000000000000000000;157715,000000000000000000
905;157764,000000000000000000;155323,000000000000000000;157721,000000000000000000
906;157764,000000000000000000;155323,000000000000000000;157721,000000000000000000
907;157764,000000000000000000;155323,000000000000000000;157721,000000000000000000
908;157764,000000000000000000;155323,000000000000000000;157721,000000000000000000
909;157764,000000000000000000;155323,000000000000000000;157721,000000000000000000
910;157764,000000000000000000;155323,000000000000000000;157727,000000000000000000
911;157764,000000000000000000;155323,000000000000000000;157727,000000000000000000
912;157764,000000000000000000;155323,000000000000000000;157727,000000000000000000
913;157764,000000000000000000;155323,000000000000000000;157727,000000000000000000
914;157764,000000000000000000;155323,000000000000000000;157727,000000000000000000
915;157764,000000000000000000;155323,000000000000000000;157727,000000000000000000
916;157764,000000000000000000;155323,000000000000000000;157727,000000000000000000
917;157764,000000000000000000;155323,000000000000000000;157727,000000000000000000
918;157764,000000000000000000;155323,000000000000000000;157740,000000000000000000
919;157764,000000000000000000;155323,000000000000000000;157740,000000000000000000
920;157764,000000000000000000;155323,000000000000000000;157746,000000000000000000
921;157764,000000000000000000;155323,000000000000000000;157746,000000000000000000
922;157764,000000000000000000;155323,000000000000000000;157752,000000000000000000
923;157764,000000000000000000;155323,000000000000000000;157752,000000000000000000
924;157764,000000000000000000;155323,000000000000000000;157758,000000000000000000
925;157764,000000000000000000;157764,000000000000000000;157764,000000000000000000
926;157764,000000000000000000;157764,000000000000000000;157764,000000000000000000
927;157764,000000000000000000;157764,000000000000000000;157764,000000000000000000
928;157764,000000000000000000;157764,000000000000000000;157764,000000000000000000
929;157764,000000000000000000;157764,000000000000000000;157764,000000000000000000
930;157764,000000000000000000;157764,000000000000000000;157764,000000000000000000
931;157764,000000000000000000;157764,000000000000000000;157764,000000000000000000
932;157764,000000000000000000;157764,000000000000000000;157764,000000000000000000
933;157764,000000000000000000;157764,000000000000000000;157764,000000000000000000
934;157764,000000000000000000;157764,000000000000000000;157764,000000000000000000
935;157764,000000000000000000;157764,000000000000000000;157764,000000000000000000
936;157764,000000000000000000;157764,000000000000000000;157764,000000000000000000
937;157764,000000000000000000;157764,000000000000000000;157764,000000000000000000
938;157764,000000000000000000;157764,000000000000000000;157764,000000000000000000
939;157764,000000000000000000;157764,000000000000000000;157764,000000000000000000
940;157764,000000000000000000;157764,000000000000000000;157764,000000000000000000
941;157764,000000000000000000;157764,000000000000000000;157764,000000000000000000
942;157764,000000000000000000;157764,000000000000000000;157764,000000000000000000
943;157764,000000000000000000;157764,000000000000000000;157764,000000000000000000
944;157764,000000000000000000;157764,000000000000000000;157764,000000000000000000
945;157764,000000000000000000;157764,000000000000000000;157764,000000000000000000
946;157764,000000000000000000;157764,000000000000000000;157764,000000000000000000
947;157764,000000000000000000;157764,000000000000000000;157764,000000000000000000
948;157764,000000000000000000;157764,000000000000000000;157764,000000000000000000
949;157764,000000000000000000;157764,000000000000000000;157764,000000000000000000
950;157764,000000000000000000;157764,000000000000000000;157764,000000000000000000
951;157764,000000000000000000;157764,000000000000000000;157764,000000000000000000
952;157764,000000000000000000;157764,000000000000000000;157764,000000000000000000
953;157764,000000000000000000;157764,000000000000000000;157764,000000000000000000
954;157764,000000000000000000;157764,000000000000000000;157764,000000000000000000
955;157764,000000000000000000;157764,000000000000000000;157764,000000000000000000
956;157764,000000000000000000;157764,000000000000000000;157764,000000000000000000
957;157764,000000000000000000;157764,000000000000000000;157764,000000000000000000
958;157764,000000000000000000;157764,000000000000000000;157764,000000000000000000
959;157764,000000000000000000;157764,000000000000000000;157764,000000000000000000
960;157764,000000000000000000;157764,000000000000000000;157764,000000000000000000
961;157764,000000000000000000;157764,000000000000000000;157764,000000000000000000
962;157764,000000000000000000;157764,000000000000000000;157764,000000000000000000
963;157764,000000000000000000;157764,000000000000000000;157764,000000000000000000
964;157764,000000000000000000;157764,000000000000000000;157764,000000000000000000
965;157764,000000000000000000;157764,000000000000000000;157764,000000000000000000
966;157764,000000000000000000;157764,000000000000000000;157764,000000000000000000
967;157764,000000000000000000;157764,000000000000000000;157764,000000000000000000
968;157764,000000000000000000;157764,000000000000000000;157764,000000000000000000
969;157764,000000000000000000;157764,000000000000000000;157764,000000000000000000
970;157764,000000000000000000;157764,000000000000000000;157764,000000000000000000
971;157764,000000000000000000;157764,000000000000000000;157764,000000000000000000
972;157764,000000000000000000;157764,000000000000000000;157764,000000000000000000
973;157764,000000000000000000;157764,000000000000000000;157764,000000000000000000
974;157764,000000000000000000;157764,000000000000000000;157764,000000000000000000
975;157764,000000000000000000;157764,000000000000000000;157764,000000000000000000
976;157764,000000000000000000;157764,000000000000000000;157764,000000000000000000
977;157764,000000000000000000;157764,000000000000000000;157764,000000000000000000
978;157764,000000000000000000;157764,000000000000000000;157764,000000000000000000
979;157764,000000000000000000;157764,000000000000000000;157764,000000000000000000
980;157764,000000000000000000;157764,000000000000000000;157764,000000000000000000
981;157764,000000000000000000;157764,000000000000000000;157764,000000000000000000
982;157764,000000000000000000;157764,000000000000000000;157764,000000000000000000
983;157764,000000000000000000;157764,000000000000000000;157764,000000000000000000
984;157764,000000000000000000;157764,000000000000000000;157764,000000000000000000
985;157764,000000000000000000;157764,000000000000000000;157764,000000000000000000
986;157764,000000000000000000;157764,000000000000000000;157764,000000000000000000
987;157764,000000000000000000;157764,000000000000000000;157764,000000000000000000
988;157764,000000000000000000;157764,000000000000000000;157764,000000000000000000
989;157764,000000000000000000;157764,000000000000000000;157764,000000000000000000
990;157764,000000000000000000;157764,000000000000000000;157764,000000000000000000
991;157764,000000000000000000;157764,000000000000000000;157764,000000000000000000
992;157764,000000000000000000;157764,000000000000000000;157764,000000000000000000
993;157764,000000000000000000;157764,000000000000000000;157764,000000000000000000
994;157764,000000000000000000;157764,000000000000000000;157764,000000000000000000
995;157764,000000000000000000;157764,000000000000000000;157764,000000000000000000
996;157764,000000000000000000;157764,000000000000000000;157764,000000000000000000
997;157764,000000000000000000;157764,000000000000000000;157764,000000000000000000
998;157764,000000000000000000;157764,000000000000000000;157764,000000000000000000
999;157764,000000000000000000;157764,000000000000000000;157764,000000000000000000
1000;157764,000000000000000000;157764,000000000000000000;157764,000000000000000000
1001;157764,000000000000000000;157764,000000000000000000;157764,000000000000000000
1002;157764,000000000000000000;157764,000000000000000000;157764,000000000000000000
1003;157764,000000000000000000;157764,000000000000000000;157764,000000000000000000
1004;157764,000000000000000000;157764,000000000000000000;157764,000000000000000000
1005;157764,000000000000000000;157764,000000000000000000;157764,000000000000000000
1006;157764,000000000000000000;157764,000000000000000000;157764,000000000000000000
1007;157764,000000000000000000;157764,000000000000000000;157764,000000000000000000
1008;157764,000000000000000000;157764,000000000000000000;157764,000000000000000000
1009;157764,000000000000000000;157764,000000000000000000;157764,000000000000000000
1010;157764,000000000000000000;157764,000000000000000000;157764,000000000000000000
1011;157764,000000000000000000;157764,000000000000000000;157764,000000000000000000
1012;157764,000000000000000000;157764,000000000000000000;157764,000000000000000000
1013;157764,000000000000000000;157764,000000000000000000;157764,000000000000000000
1014;157764,000000000000000000;157764,000000000000000000;157764,000000000000000000
1015;157764,000000000000000000;157764,000000000000000000;157764,000000000000000000
1016;157764,000000000000000000;157764,000000000000000000;157764,000000000000000000
1017;157764,000000000000000000;157764,000000000000000000;157764,000000000000000000
1018;157764,000000000000000000;157764,000000000000000000;157764,000000000000000000
1019;157764,000000000000000000;157764,000000000000000000;157764,000000000000000000
1020;157764,000000000000000000;157764,000000000000000000;157764,000000000000000000
1021;157764,000000000000000000;157764,000000000000000000;157764,000000000000000000
1022;157764,000000000000000000;157764,000000000000000000;157764,000000000000000000
1023;157764,000000000000000000;157764,000000000000000000;157764,000000000000000000
1024;157764,000000000000000000;157764,000000000000000000;157764,000000000000000000
1025;157764,000000000000000000;157764,000000000000000000;157764,000000000000000000
1026;157764,000000000000000000;157764,000000000000000000;157764,000000000000000000
1027;157764,000000000000000000;157764,000000000000000000;157764,000000000000000000
1028;157764,000000000000000000;157764,000000000000000000;157764,000000000000000000
1029;157764,000000000000000000;157764,000000000000000000;157764,000000000000000000
1030;157764,000000000000000000;157764,000000000000000000;157764,000000000000000000
1031;157764,000000000000000000;157764,000000000000000000;157764,000000000000000000
1032;157764,000000000000000000;157764,000000000000000000;157764,000000000000000000
1033;157764,000000000000000000;157764,000000000000000000;157764,000000000000000000
1034;157764,000000000000000000;157764,000000000000000000;157764,000000000000000000
1035;157764,000000000000000000;157764,000000000000000000;157764,000000000000000000
1036;157764,000000000000000000;157764,000000000000000000;157764,000000000000000000
1037;157764,000000000000000000;157764,000000000000000000;157764,000000000000000000
1038;157764,000000000000000000;157764,000000000000000000;157764,000000000000000000
1039;157764,000000000000000000;157764,000000000000000000;157764,000000000000000000
1040;157764,000000000000000000;157764,000000000000000000;157764,000000000000000000
1041;157764,000000000000000000;157764,000000000000000000;157764,000000000000000000
1042;157764,000000000000000000;157764,000000000000000000;157764,000000000000000000
1043;157764,000000000000000000;157764,000000000000000000;157764,000000000000000000
1044;157764,000000000000000000;157764,000000000000000000;157764,000000000000000000
1045;157764,000000000000000000;157764,000000000000000000;157764,000000000000000000
1046;157764,000000000000000000;157764,000000000000000000;157764,000000000000000000
1047;157764,000000000000000000;157764,000000000000000000;157764,000000000000000000
1048;157764,000000000000000000;157764,000000000000000000;157764,000000000000000000
1049;157764,000000000000000000;157764,000000000000000000;157764,000000000000000000
1050;157764,000000000000000000;157764,000000000000000000;157764,000000000000000000
1051;157764,000000000000000000;157764,000000000000000000;157764,000000000000000000
1052;157764,000000000000000000;157764,000000000000000000;157764,000000000000000000
1053;157764,000000000000000000;157764,000000000000000000;157764,000000000000000000
1054;157764,000000000000000000;157764,000000000000000000;157764,000000000000000000
1055;157764,000000000000000000;157764,000000000000000000;157764,000000000000000000
1056;157764,000000000000000000;157764,000000000000000000;157764,000000000000000000
1057;157764,000000000000000000;157764,000000000000000000;157764,000000000000000000
1058;157764,000000000000000000;157764,000000000000000000;157764,000000000000000000
1059;157764,000000000000000000;157764,000000000000000000;157764,000000000000000000
1060;157764,000000000000000000;157764,000000000000000000;157764,000000000000000000
1061;157764,000000000000000000;157764,000000000000000000;157764,000000000000000000
1062;157764,000000000000000000;157764,000000000000000000;157764,000000000000000000
1063;157764,000000000000000000;157764,000000000000000000;157764,000000000000000000
1064;157764,000000000000000000;157764,000000000000000000;157764,000000000000000000
1065;157764,000000000000000000;157764,000000000000000000;157764,000000000000000000
1066;157764,000000000000000000;157764,000000000000000000;157764,000000000000000000
1067;157764,000000000000000000;157764,000000000000000000;157764,000000000000000000
1068;157764,000000000000000000;157764,000000000000000000;157764,000000000000000000
1069;157764,000000000000000000;157764,000000000000000000;157764,000000000000000000
1070;157764,000000000000000000;157764,000000000000000000;157764,000000000000000000
1071;157764,000000000000000000;157764,000000000000000000;157764,000000000000000000
1072;157764,000000000000000000;157764,000000000000000000;157764,000000000000000000
1073;157764,000000000000000000;157764,000000000000000000;157764,000000000000000000
1074;157764,000000000000000000;157764,000000000000000000;157764,000000000000000000
1075;157764,000000000000000000;157764,000000000000000000;157764,000000000000000000
1076;157764,000000000000000000;157764,000000000000000000;157764,000000000000000000
1077;157764,000000000000000000;157764,000000000000000000;157764,000000000000000000
1078;157764,000000000000000000;157764,000000000000000000;157764,000000000000000000
1079;157764,000000000000000000;157764,000000000000000000;157764,000000000000000000
1080;157764,000000000000000000;157764,000000000000000000;157764,000000000000000000
1081;157764,000000000000000000;157764,000000000000000000;157764,000000000000000000
1082;157764,000000000000000000;157764,000000000000000000;157764,000000000000000000
1083;157764,000000000000000000;157764,000000000000000000;157764,000000000000000000
1084;157764,000000000000000000;157764,000000000000000000;157764,000000000000000000
1085;157764,000000000000000000;157764,000000000000000000;157764,000000000000000000
1086;157764,000000000000000000;157764,000000000000000000;157764,000000000000000000
1087;157764,000000000000000000;157764,000000000000000000;157764,000000000000000000
1088;157764,000000000000000000;157764,000000000000000000;157764,000000000000000000
1089;157764,000000000000000000;157764,000000000000000000;157764,000000000000000000
1090;157764,000000000000000000;157764,000000000000000000;157764,000000000000000000
1091;157764,000000000000000000;157764,000000000000000000;157764,000000000000000000
1092;157764,000000000000000000;157764,000000000000000000;157764,000000000000000000
1093;157764,000000000000000000;157764,000000000000000000;157764,000000000000000000
1094;157764,000000000000000000;157764,000000000000000000;157764,000000000000000000
1095;157764,000000000000000000;157764,000000000000000000;157764,000000000000000000
1096;157764,000000000000000000;157764,000000000000000000;157764,000000000000000000
1097;157764,000000000000000000;157764,000000000000000000;157764,000000000000000000
1098;157764,000000000000000000;157764,000000000000000000;157764,000000000000000000
1099;157764,000000000000000000;157764,000000000000000000;157764,000000000000000000
1100;157764,000000000000000000;157764,000000000000000000;157764,000000000000000000
1101;157764,000000000000000000;157764,000000000000000000;157764,000000000000000000
1102;157764,000000000000000000;157764,000000000000000000;157764,000000000000000000
1103;157764,000000000000000000;157764,000000000000000000;157764,000000000000000000
1104;157764,000000000000000000;157764,000000000000000000;157764,000000000000000000
1105;157764,000000000000000000;157764,000000000000000000;157764,000000000000000000
1106;157764,000000000000000000;157764,000000000000000000;157764,000000000000000000
1107;157764,000000000000000000;157764,000000000000000000;157764,000000000000000000
1108;157764,000000000000000000;157764,000000000000000000;157764,000000000000000000
1109;157764,000000000000000000;157764,000000000000000000;157764,000000000000000000
1110;157764,000000000000000000;157764,000000000000000000;157764,000000000000000000
1111;157764,000000000000000000;157764,000000000000000000;157764,000000000000000000
1112;157764,000000000000000000;157764,000000000000000000;157764,000000000000000000
1113;157764,000000000000000000;157764,000000000000000000;157764,000000000000000000
1114;157764,000000000000000000;157764,000000000000000000;157764,000000000000000000
1115;157764,000000000000000000;157764,000000000000000000;157764,000000000000000000
1116;157764,000000000000000000;157764,000000000000000000;157764,000000000000000000
1117;157764,000000000000000000;157764,000000000000000000;157764,000000000000000000
1118;157764,000000000000000000;157764,000000000000000000;157764,000000000000000000
1119;157764,000000000000000000;157764,000000000000000000;157764,000000000000000000
1120;157764,000000000000000000;157764,000000000000000000;157764,000000000000000000
1121;157764,000000000000000000;157764,000000000000000000;157764,000000000000000000
1122;157764,000000000000000000;157764,000000000000000000;157764,000000000000000000
1123;157764,000000000000000000;157764,000000000000000000;157764,000000000000000000
1124;157764,000000000000000000;157764,000000000000000000;157764,000000000000000000
1125;157764,000000000000000000;157764,000000000000000000;157764,000000000000000000
1126;157764,000000000000000000;157764,000000000000000000;157764,000000000000000000
1127;157764,000000000000000000;157764,000000000000000000;157764,000000000000000000
1128;157764,000000000000000000;157764,000000000000000000;157764,000000000000000000
1129;157764,000000000000000000;157764,000000000000000000;157764,000000000000000000
1130;157764,000000000000000000;157764,000000000000000000;157764,000000000000000000
1131;157764,000000000000000000;157764,000000000000000000;157764,000000000000000000
1132;157764,000000000000000000;157764,000000000000000000;157764,000000000000000000
1133;157764,000000000000000000;157764,000000000000000000;157764,000000000000000000
1134;157764,000000000000000000;157764,000000000000000000;157764,000000000000000000
1135;157764,000000000000000000;157764,000000000000000000;157764,000000000000000000
1136;157764,000000000000000000;157764,000000000000000000;157764,000000000000000000
1137;157764,000000000000000000;157764,000000000000000000;157764,000000000000000000
1138;157764,000000000000000000;157764,000000000000000000;157764,000000000000000000
1139;157764,000000000000000000;157764,000000000000000000;157764,000000000000000000
1140;157764,000000000000000000;157764,000000000000000000;157764,000000000000000000
1141;157764,000000000000000000;157764,000000000000000000;157764,000000000000000000
1142;157764,000000000000000000;157764,000000000000000000;157764,000000000000000000
1143;157764,000000000000000000;157764,000000000000000000;157764,000000000000000000
1144;157764,000000000000000000;157764,000000000000000000;157764,000000000000000000
1145;157764,000000000000000000;157764,000000000000000000;157764,000000000000000000
1146;157764,000000000000000000;157764,000000000000000000;157764,000000000000000000
1147;157764,000000000000000000;157764,000000000000000000;157764,000000000000000000
1148;157764,000000000000000000;157764,000000000000000000;157764,000000000000000000
1149;157764,000000000000000000;157764,000000000000000000;157764,000000000000000000
1150;157764,000000000000000000;157764,000000000000000000;157764,000000000000000000
1151;157764,000000000000000000;157764,000000000000000000;157764,000000000000000000
1152;157764,000000000000000000;157764,000000000000000000;157764,000000000000000000
1153;157764,000000000000000000;157764,000000000000000000;157764,000000000000000000
1154;157764,000000000000000000;157764,000000000000000000;157764,000000000000000000
1155;157764,000000000000000000;157764,000000000000000000;157764,000000000000000000
1156;157764,000000000000000000;157764,000000000000000000;157764,000000000000000000
1157;157764,000000000000000000;157764,000000000000000000;157764,000000000000000000
1158;157764,000000000000000000;157764,000000000000000000;157764,000000000000000000
1159;157764,000000000000000000;157764,000000000000000000;157764,000000000000000000
1160;157764,000000000000000000;157764,000000000000000000;157764,000000000000000000
1161;157764,000000000000000000;157764,000000000000000000;157764,000000000000000000
1162;157764,000000000000000000;157764,000000000000000000;157764,000000000000000000
1163;157764,000000000000000000;157764,000000000000000000;157764,000000000000000000
1164;157764,000000000000000000;157764,000000000000000000;157764,000000000000000000
1165;157764,000000000000000000;157764,000000000000000000;157764,000000000000000000
1166;157764,000000000000000000;157764,000000000000000000;157764,000000000000000000
1167;157764,000000000000000000;157764,000000000000000000;157764,000000000000000000
1168;157764,000000000000000000;157764,000000000000000000;157764,000000000000000000
1169;157764,000000000000000000;157764,000000000000000000;157764,000000000000000000
1170;157764,000000000000000000;157764,000000000000000000;157764,000000000000000000
1171;157764,000000000000000000;157764,000000000000000000;157764,000000000000000000
1172;157764,000000000000000000;157764,000000000000000000;157764,000000000000000000
1173;157764,000000000000000000;157764,000000000000000000;157764,000000000000000000
1174;157764,000000000000000000;157764,000000000000000000;157764,000000000000000000
1175;157764,000000000000000000;157764,000000000000000000;157764,000000000000000000
1176;157764,000000000000000000;157764,000000000000000000;157764,000000000000000000
1177;157764,000000000000000000;157764,000000000000000000;157764,000000000000000000
1178;157764,000000000000000000;157764,000000000000000000;157764,000000000000000000
1179;157764,000000000000000000;157764,000000000000000000;157764,000000000000000000
1180;157764,000000000000000000;157764,000000000000000000;157764,000000000000000000
1181;157764,000000000000000000;157764,000000000000000000;157764,000000000000000000
1182;157764,000000000000000000;157764,000000000000000000;157764,000000000000000000
1183;157764,000000000000000000;157764,000000000000000000;157764,000000000000000000
1184;157764,000000000000000000;157764,000000000000000000;157764,000000000000000000
1185;157764,000000000000000000;157764,000000000000000000;157764,000000000000000000
1186;157764,000000000000000000;157764,000000000000000000;157764,000000000000000000
1187;157764,000000000000000000;157764,000000000000000000;157764,000000000000000000
1188;157764,000000000000000000;157764,000000000000000000;157764,000000000000000000
1189;157764,000000000000000000;157764,000000000000000000;157764,000000000000000000
1190;157764,000000000000000000;157764,000000000000000000;157764,000000000000000000
1191;157764,000000000000000000;157764,000000000000000000;157764,000000000000000000
1192;157764,000000000000000000;157764,000000000000000000;157764,000000000000000000
1193;157764,000000000000000000;157764,000000000000000000;157764,000000000000000000
1194;157764,000000000000000000;157764,000000000000000000;157764,000000000000000000
1195;157764,000000000000000000;157764,000000000000000000;157764,000000000000000000
1196;157764,000000000000000000;157764,000000000000000000;157764,000000000000000000
1197;157764,000000000000000000;157764,000000000000000000;157764,000000000000000000
1198;157764,000000000000000000;157764,000000000000000000;157764,000000000000000000
1199;157764,000000000000000000;157764,000000000000000000;157764,000000000000000000
1200;157764,000000000000000000;157764,000000000000000000;157764,000000000000000000
1201;157764,000000000000000000;157764,000000000000000000;157764,000000000000000000
1202;157764,000000000000000000;157764,000000000000000000;157764,000000000000000000
1203;157764,000000000000000000;157764,000000000000000000;157764,000000000000000000
1204;157764,000000000000000000;157764,000000000000000000;157764,000000000000000000
1205;157764,000000000000000000;157764,000000000000000000;157764,000000000000000000
1206;157764,000000000000000000;157764,000000000000000000;157764,000000000000000000
1207;157764,000000000000000000;157764,000000000000000000;157764,000000000000000000
1208;157764,000000000000000000;157764,000000000000000000;157764,000000000000000000
1209;157764,000000000000000000;157764,000000000000000000;157764,000000000000000000
1210;157764,000000000000000000;157764,000000000000000000;157764,000000000000000000
1211;157764,000000000000000000;157764,000000000000000000;157764,000000000000000000
1212;157764,000000000000000000;157764,000000000000000000;157764,000000000000000000
1213;157764,000000000000000000;157764,000000000000000000;157764,000000000000000000
1214;157764,000000000000000000;157764,000000000000000000;157764,000000000000000000
1215;157764,000000000000000000;157764,000000000000000000;157764,000000000000000000
1216;157764,000000000000000000;157764,000000000000000000;157764,000000000000000000
1217;157764,000000000000000000;157764,000000000000000000;157764,000000000000000000
1218;157764,000000000000000000;157764,000000000000000000;157764,000000000000000000
1219;157764,000000000000000000;157764,000000000000000000;157764,000000000000000000
1220;157764,000000000000000000;157764,000000000000000000;157764,000000000000000000
1221;157764,000000000000000000;157764,000000000000000000;157764,000000000000000000
1222;157764,000000000000000000;157764,000000000000000000;157764,000000000000000000
1223;157764,000000000000000000;157764,000000000000000000;157764,000000000000000000
1224;157764,000000000000000000;157764,000000000000000000;157764,000000000000000000
1225;157764,000000000000000000;157764,000000000000000000;157764,000000000000000000
1226;157764,000000000000000000;157764,000000000000000000;157764,000000000000000000
1227;157764,000000000000000000;157764,000000000000000000;157764,000000000000000000
1228;157764,000000000000000000;157764,000000000000000000;157764,000000000000000000
1229;157764,000000000000000000;157764,000000000000000000;157764,000000000000000000
1230;157764,000000000000000000;157764,000000000000000000;157764,000000000000000000
1231;157764,000000000000000000;157764,000000000000000000;157764,000000000000000000
1232;157764,000000000000000000;157764,000000000000000000;157764,000000000000000000
1233;157764,000000000000000000;157764,000000000000000000;157764,000000000000000000
1234;157764,000000000000000000;157764,000000000000000000;157764,000000000000000000
1235;157764,000000000000000000;157764,000000000000000000;157764,000000000000000000
1236;157764,000000000000000000;157764,000000000000000000;157764,000000000000000000
1237;157764,000000000000000000;157764,000000000000000000;157764,000000000000000000
1238;157764,000000000000000000;157764,000000000000000000;157764,000000000000000000
1239;157764,000000000000000000;157764,000000000000000000;157764,000000000000000000
1240;157764,000000000000000000;157764,000000000000000000;157764,000000000000000000
1241;157764,000000000000000000;157764,000000000000000000;157764,000000000000000000
1242;157764,000000000000000000;157764,000000000000000000;157764,000000000000000000
1243;157764,000000000000000000;157764,000000000000000000;157764,000000000000000000
1244;157764,000000000000000000;157764,000000000000000000;157764,000000000000000000
1245;157764,000000000000000000;157764,000000000000000000;157764,000000000000000000
1246;157764,000000000000000000;157764,000000000000000000;157764,000000000000000000
1247;157764,000000000000000000;157764,000000000000000000;157764,000000000000000000
1248;157764,000000000000000000;157764,000000000000000000;157764,000000000000000000
1249;157764,000000000000000000;157764,000000000000000000;157764,000000000000000000
1250;157764,000000000000000000;157764,000000000000000000;157764,000000000000000000
1251;157764,000000000000000000;157764,000000000000000000;157764,000000000000000000
1252;157764,000000000000000000;157764,000000000000000000;157764,000000000000000000
1253;157764,000000000000000000;157764,000000000000000000;157764,000000000000000000
1254;157764,000000000000000000;157764,000000000000000000;157764,000000000000000000
1255;157764,000000000000000000;157764,000000000000000000;157764,000000000000000000
1256;157764,000000000000000000;157764,000000000000000000;157764,000000000000000000
1257;157764,000000000000000000;157764,000000000000000000;157764,000000000000000000
1258;157764,000000000000000000;157764,000000000000000000;157764,000000000000000000
1259;157764,000000000000000000;157764,000000000000000000;157764,000000000000000000
1260;157764,000000000000000000;157764,000000000000000000;157764,000000000000000000
1261;157764,000000000000000000;157764,000000000000000000;157764,000000000000000000
1262;157764,000000000000000000;157764,000000000000000000;157764,000000000000000000
1263;157764,000000000000000000;157764,000000000000000000;157764,000000000000000000
1264;157764,000000000000000000;157764,000000000000000000;157764,000000000000000000
1265;157764,000000000000000000;157764,000000000000000000;157764,000000000000000000
1266;157764,000000000000000000;157764,000000000000000000;157764,000000000000000000
1267;157764,000000000000000000;157764,000000000000000000;157764,000000000000000000
1268;157764,000000000000000000;157764,000000000000000000;157764,000000000000000000
1269;157764,000000000000000000;157764,000000000000000000;157764,000000000000000000
1270;157764,000000000000000000;157764,000000000000000000;157764,000000000000000000
1271;157764,000000000000000000;157764,000000000000000000;157764,000000000000000000
1272;157764,000000000000000000;157764,000000000000000000;157764,000000000000000000
1273;157764,000000000000000000;157764,000000000000000000;157764,000000000000000000
1274;157764,000000000000000000;157764,000000000000000000;157764,000000000000000000
1275;157764,000000000000000000;157764,000000000000000000;157764,000000000000000000
1276;157764,000000000000000000;157764,000000000000000000;157764,000000000000000000
1277;157764,000000000000000000;157764,000000000000000000;157764,000000000000000000
1278;157764,000000000000000000;157764,000000000000000000;157764,000000000000000000
1279;157764,000000000000000000;157764,000000000000000000;157764,000000000000000000
1280;157764,000000000000000000;157764,000000000000000000;157764,000000000000000000
1281;157764,000000000000000000;157764,000000000000000000;157764,000000000000000000
1282;157764,000000000000000000;157764,000000000000000000;157764,000000000000000000
1283;157764,000000000000000000;157764,000000000000000000;157764,000000000000000000
1284;157764,000000000000000000;157764,000000000000000000;157764,000000000000000000
1285;157764,000000000000000000;157764,000000000000000000;157764,000000000000000000
1286;157764,000000000000000000;157764,000000000000000000;157764,000000000000000000
1287;157764,000000000000000000;157764,000000000000000000;157764,000000000000000000
1288;157764,000000000000000000;157764,000000000000000000;157764,000000000000000000
1289;157764,000000000000000000;157764,000000000000000000;157764,000000000000000000
1290;157764,000000000000000000;157764,000000000000000000;157764,000000000000000000
1291;157764,000000000000000000;157764,000000000000000000;157764,000000000000000000
1292;157764,000000000000000000;157764,000000000000000000;157764,000000000000000000
1293;157764,000000000000000000;157764,000000000000000000;157764,000000000000000000
1294;157764,000000000000000000;157764,000000000000000000;157764,000000000000000000
1295;157764,000000000000000000;157764,000000000000000000;157764,000000000000000000
1296;157764,000000000000000000;157764,000000000000000000;157764,000000000000000000
1297;157764,000000000000000000;157764,000000000000000000;157764,000000000000000000
1298;157764,000000000000000000;157764,000000000000000000;157764,000000000000000000
1299;157764,000000000000000000;157764,000000000000000000;157764,000000000000000000
1300;157764,000000000000000000;157764,000000000000000000;157764,000000000000000000
1301;157764,000000000000000000;157764,000000000000000000;157764,000000000000000000
1302;157764,000000000000000000;157764,000000000000000000;157764,000000000000000000
1303;157764,000000000000000000;157764,000000000000000000;157764,000000000000000000
1304;157764,000000000000000000;157764,000000000000000000;157764,000000000000000000
1305;157764,000000000000000000;157764,000000000000000000;157764,000000000000000000
1306;157764,000000000000000000;157764,000000000000000000;157764,000000000000000000
1307;157764,000000000000000000;157764,000000000000000000;157764,000000000000000000
1308;157764,000000000000000000;157764,000000000000000000;157764,000000000000000000
1309;157764,000000000000000000;157764,000000000000000000;157764,000000000000000000
1310;157764,000000000000000000;157764,000000000000000000;157764,000000000000000000
1311;157764,000000000000000000;157764,000000000000000000;157764,000000000000000000
1312;157764,000000000000000000;157764,000000000000000000;157764,000000000000000000
1313;157764,000000000000000000;157764,000000000000000000;157764,000000000000000000
1314;157764,000000000000000000;157764,000000000000000000;157764,000000000000000000
1315;157764,000000000000000000;157764,000000000000000000;157764,000000000000000000
1316;157764,000000000000000000;157764,000000000000000000;157764,000000000000000000
1317;157764,000000000000000000;157764,000000000000000000;157764,000000000000000000
1318;157764,000000000000000000;157764,000000000000000000;157764,000000000000000000
1319;157764,000000000000000000;157764,000000000000000000;157764,000000000000000000
1320;157764,000000000000000000;157764,000000000000000000;157764,000000000000000000
1321;157764,000000000000000000;157764,000000000000000000;157764,000000000000000000
1322;157764,000000000000000000;157764,000000000000000000;157764,000000000000000000
1323;157764,000000000000000000;157764,000000000000000000;157764,000000000000000000
1324;157764,000000000000000000;157764,000000000000000000;157764,000000000000000000
1325;157764,000000000000000000;157764,000000000000000000;157764,000000000000000000
1326;157764,000000000000000000;157764,000000000000000000;157764,000000000000000000
1327;157764,000000000000000000;157764,000000000000000000;157764,000000000000000000
1328;157764,000000000000000000;157764,000000000000000000;157764,000000000000000000
1329;157764,000000000000000000;157764,000000000000000000;157764,000000000000000000
1330;157764,000000000000000000;157764,000000000000000000;157764,000000000000000000
1331;157764,000000000000000000;157764,000000000000000000;157764,000000000000000000
1332;157764,000000000000000000;157764,000000000000000000;157764,000000000000000000
1333;157764,000000000000000000;157764,000000000000000000;157764,000000000000000000
1334;157764,000000000000000000;157764,000000000000000000;157764,000000000000000000
1335;157764,000000000000000000;157764,000000000000000000;157764,000000000000000000
1336;157764,000000000000000000;157764,000000000000000000;157764,000000000000000000
1337;157764,000000000000000000;157764,000000000000000000;157764,000000000000000000
1338;157764,000000000000000000;157764,000000000000000000;157764,000000000000000000
1339;157764,000000000000000000;157764,000000000000000000;157764,000000000000000000
1340;157764,000000000000000000;157764,000000000000000000;157764,000000000000000000
1341;157764,000000000000000000;157764,000000000000000000;157764,000000000000000000
1342;157764,000000000000000000;157764,000000000000000000;157764,000000000000000000
1343;157764,000000000000000000;157764,000000000000000000;157764,000000000000000000
1344;157764,000000000000000000;157764,000000000000000000;157764,000000000000000000
1345;157764,000000000000000000;157764,000000000000000000;157764,000000000000000000
1346;157764,000000000000000000;157764,000000000000000000;157764,000000000000000000
1347;157764,000000000000000000;157764,000000000000000000;157764,000000000000000000
1348;157764,000000000000000000;157764,000000000000000000;157764,000000000000000000
1349;157764,000000000000000000;157764,000000000000000000;157764,000000000000000000
1350;157764,000000000000000000;157764,000000000000000000;157764,000000000000000000
1351;157764,000000000000000000;157764,000000000000000000;157764,000000000000000000
1352;157764,000000000000000000;157764,000000000000000000;157764,000000000000000000
1353;157764,000000000000000000;157764,000000000000000000;157764,000000000000000000
1354;157764,000000000000000000;157764,000000000000000000;157764,000000000000000000
1355;157764,000000000000000000;157764,000000000000000000;157764,000000000000000000
1356;157764,000000000000000000;157764,000000000000000000;157764,000000000000000000
1357;157764,000000000000000000;157764,000000000000000000;157764,000000000000000000
1358;157764,000000000000000000;157764,000000000000000000;157764,000000000000000000
1359;157764,000000000000000000;157764,000000000000000000;157764,000000000000000000
1360;157764,000000000000000000;157764,000000000000000000;157764,000000000000000000
1361;157764,000000000000000000;157764,000000000000000000;157764,000000000000000000
1362;157764,000000000000000000;157764,000000000000000000;157764,000000000000000000
1363;157764,000000000000000000;157764,000000000000000000;157764,000000000000000000
1364;157764,000000000000000000;157764,000000000000000000;157764,000000000000000000
1365;157764,000000000000000000;157764,000000000000000000;157764,000000000000000000
1366;157764,000000000000000000;157764,000000000000000000;157764,000000000000000000
1367;157764,000000000000000000;157764,000000000000000000;157764,000000000000000000
1368;157764,000000000000000000;157764,000000000000000000;157764,000000000000000000
1369;157764,000000000000000000;157764,000000000000000000;157764,000000000000000000
1370;157764,000000000000000000;157764,000000000000000000;157764,000000000000000000
1371;157764,000000000000000000;157764,000000000000000000;157764,000000000000000000
1372;157764,000000000000000000;157764,000000000000000000;157764,000000000000000000
1373;157764,000000000000000000;157764,000000000000000000;157764,000000000000000000
1374;157764,000000000000000000;157764,000000000000000000;157764,000000000000000000
1375;157764,000000000000000000;157764,000000000000000000;157764,000000000000000000
1376;157764,000000000000000000;157764,000000000000000000;157764,000000000000000000
1377;157764,000000000000000000;157764,000000000000000000;157764,000000000000000000
1378;157764,000000000000000000;157764,000000000000000000;157764,000000000000000000
1379;157764,000000000000000000;157764,000000000000000000;157764,000000000000000000
1380;157764,000000000000000000;157764,000000000000000000;157764,000000000000000000
1381;157764,000000000000000000;157764,000000000000000000;157764,000000000000000000
1382;157764,000000000000000000;157764,000000000000000000;157764,000000000000000000
1383;157764,000000000000000000;157764,000000000000000000;157764,000000000000000000
1384;157764,000000000000000000;157764,000000000000000000;157764,000000000000000000
1385;157764,000000000000000000;157764,000000000000000000;157764,000000000000000000
1386;157764,000000000000000000;157764,000000000000000000;157764,000000000000000000
1387;157764,000000000000000000;157764,000000000000000000;157764,000000000000000000
1388;157764,000000000000000000;157764,000000000000000000;157764,000000000000000000
1389;157764,000000000000000000;157764,000000000000000000;157764,000000000000000000
1390;157764,000000000000000000;157764,000000000000000000;157764,000000000000000000
1391;157764,000000000000000000;157764,000000000000000000;157764,000000000000000000
1392;157764,000000000000000000;157764,000000000000000000;157764,000000000000000000
1393;157764,000000000000000000;157764,000000000000000000;157764,000000000000000000
1394;157764,000000000000000000;157764,000000000000000000;157764,000000000000000000
1395;157764,000000000000000000;157764,000000000000000000;157764,000000000000000000
1396;157764,000000000000000000;157764,000000000000000000;157764,000000000000000000
1397;157764,000000000000000000;157764,000000000000000000;157764,000000000000000000
1398;157764,000000000000000000;157764,000000000000000000;157764,000000000000000000
1399;157764,000000000000000000;157764,000000000000000000;157764,000000000000000000
1400;157764,000000000000000000;157764,000000000000000000;157764,000000000000000000
1401;157764,000000000000000000;157764,000000000000000000;157764,000000000000000000
1402;157764,000000000000000000;157764,000000000000000000;157764,000000000000000000
1403;157764,000000000000000000;157764,000000000000000000;157764,000000000000000000
1404;157764,000000000000000000;157764,000000000000000000;157764,000000000000000000
1405;157764,000000000000000000;157764,000000000000000000;157764,000000000000000000
1406;157764,000000000000000000;157764,000000000000000000;157764,000000000000000000
1407;157764,000000000000000000;157764,000000000000000000;157764,000000000000000000
1408;157764,000000000000000000;157764,000000000000000000;157764,000000000000000000
1409;157764,000000000000000000;157764,000000000000000000;157764,000000000000000000
1410;157764,000000000000000000;157764,000000000000000000;157764,000000000000000000
1411;157764,000000000000000000;157764,000000000000000000;157764,000000000000000000
1412;157764,000000000000000000;157764,000000000000000000;157764,000000000000000000
1413;157764,000000000000000000;157764,000000000000000000;157764,000000000000000000
1414;157764,000000000000000000;157764,000000000000000000;157764,000000000000000000
1415;157764,000000000000000000;157764,000000000000000000;157764,000000000000000000
1416;157764,000000000000000000;157764,000000000000000000;157764,000000000000000000
1417;157764,000000000000000000;157764,000000000000000000;157764,000000000000000000
1418;157764,000000000000000000;157764,000000000000000000;157764,000000000000000000
1419;157764,000000000000000000;157764,000000000000000000;157764,000000000000000000
1420;157764,000000000000000000;157764,000000000000000000;157764,000000000000000000
1421;157764,000000000000000000;157764,000000000000000000;157764,000000000000000000
1422;157764,000000000000000000;157764,000000000000000000;157764,000000000000000000
1423;157764,000000000000000000;157764,000000000000000000;157764,000000000000000000
1424;157764,000000000000000000;157764,000000000000000000;157764,000000000000000000
1425;157764,000000000000000000;157764,000000000000000000;157764,000000000000000000
1426;157764,000000000000000000;157764,000000000000000000;157764,000000000000000000
1427;157764,000000000000000000;157764,000000000000000000;157764,000000000000000000
1428;157764,000000000000000000;157764,000000000000000000;157764,000000000000000000
1429;157764,000000000000000000;157764,000000000000000000;157764,000000000000000000
1430;157764,000000000000000000;157764,000000000000000000;157764,000000000000000000
1431;157764,000000000000000000;157764,000000000000000000;157764,000000000000000000
1432;157764,000000000000000000;157764,000000000000000000;157764,000000000000000000
1433;157764,000000000000000000;157764,000000000000000000;157764,000000000000000000
1434;157764,000000000000000000;157764,000000000000000000;157764,000000000000000000
1435;157764,000000000000000000;157764,000000000000000000;157764,000000000000000000
1436;157764,000000000000000000;157764,000000000000000000;157764,000000000000000000
1437;157764,000000000000000000;157764,000000000000000000;157764,000000000000000000
1438;157764,000000000000000000;157764,000000000000000000;157764,000000000000000000
1439;157764,000000000000000000;157764,000000000000000000;157764,000000000000000000
1440;157764,000000000000000000;157764,000000000000000000;157764,000000000000000000
1441;157764,000000000000000000;157764,000000000000000000;157764,000000000000000000
1442;157764,000000000000000000;157764,000000000000000000;157764,000000000000000000
1443;157764,000000000000000000;157764,000000000000000000;157764,000000000000000000
1444;157764,000000000000000000;157764,000000000000000000;157764,000000000000000000
1445;157764,000000000000000000;157764,000000000000000000;157764,000000000000000000
1446;157764,000000000000000000;157764,000000000000000000;157764,000000000000000000
1447;157764,000000000000000000;157764,000000000000000000;157764,000000000000000000
1448;157764,000000000000000000;157764,000000000000000000;157764,000000000000000000
1449;157764,000000000000000000;157764,000000000000000000;157764,000000000000000000
1450;157764,000000000000000000;157764,000000000000000000;157764,000000000000000000
1451;157764,000000000000000000;157764,000000000000000000;157764,000000000000000000
1452;157764,000000000000000000;157764,000000000000000000;157764,000000000000000000
1453;157764,000000000000000000;157764,000000000000000000;157764,000000000000000000
1454;157764,000000000000000000;157764,000000000000000000;157764,000000000000000000
1455;157764,000000000000000000;157764,000000000000000000;157764,000000000000000000
1456;157764,000000000000000000;157764,000000000000000000;157764,000000000000000000
1457;157764,000000000000000000;157764,000000000000000000;157764,000000000000000000
1458;157764,000000000000000000;157764,000000000000000000;157764,000000000000000000
1459;157764,000000000000000000;157764,000000000000000000;157764,000000000000000000
1460;157764,000000000000000000;157764,000000000000000000;157764,000000000000000000
1461;157764,000000000000000000;157764,000000000000000000;157764,000000000000000000
1462;157764,000000000000000000;157764,000000000000000000;157764,000000000000000000
1463;157764,000000000000000000;157764,000000000000000000;157764,000000000000000000
1464;157764,000000000000000000;157764,000000000000000000;157764,000000000000000000
1465;157764,000000000000000000;157764,000000000000000000;157764,000000000000000000
1466;157764,000000000000000000;157764,000000000000000000;157764,000000000000000000
1467;157764,000000000000000000;157764,000000000000000000;157764,000000000000000000
1468;157764,000000000000000000;157764,000000000000000000;157764,000000000000000000
1469;157764,000000000000000000;157764,000000000000000000;157764,000000000000000000
1470;157764,000000000000000000;157764,000000000000000000;157764,000000000000000000
1471;157764,000000000000000000;157764,000000000000000000;157764,000000000000000000
1472;157764,000000000000000000;157764,000000000000000000;157764,000000000000000000
1473;157764,000000000000000000;157764,000000000000000000;157764,000000000000000000
1474;157764,000000000000000000;157764,000000000000000000;157764,000000000000000000
1475;157764,000000000000000000;157764,000000000000000000;157764,000000000000000000
1476;157764,000000000000000000;157764,000000000000000000;157764,000000000000000000
1477;157764,000000000000000000;157764,000000000000000000;157764,000000000000000000
1478;157764,000000000000000000;157764,000000000000000000;157764,000000000000000000
1479;157764,000000000000000000;157764,000000000000000000;157764,000000000000000000
1480;157764,000000000000000000;157764,000000000000000000;157764,000000000000000000
1481;157764,000000000000000000;157764,000000000000000000;157764,000000000000000000
1482;157764,000000000000000000;157764,000000000000000000;157764,000000000000000000
1483;157764,000000000000000000;157764,000000000000000000;157764,000000000000000000
1484;157764,000000000000000000;157764,000000000000000000;157764,000000000000000000
1485;157764,000000000000000000;157764,000000000000000000;157764,000000000000000000
1486;157764,000000000000000000;157764,000000000000000000;157764,000000000000000000
1487;157764,000000000000000000;157764,000000000000000000;157764,000000000000000000
1488;157764,000000000000000000;157764,000000000000000000;157764,000000000000000000
1489;157764,000000000000000000;157764,000000000000000000;157764,000000000000000000
1490;157764,000000000000000000;157764,000000000000000000;157764,000000000000000000
1491;157764,000000000000000000;157764,000000000000000000;157764,000000000000000000
1492;157764,000000000000000000;157764,000000000000000000;157764,000000000000000000
1493;157764,000000000000000000;157764,000000000000000000;157764,000000000000000000
1494;157764,000000000000000000;157764,000000000000000000;157764,000000000000000000
1495;157764,000000000000000000;157764,000000000000000000;157764,000000000000000000
1496;157764,000000000000000000;157764,000000000000000000;157764,000000000000000000
1497;157764,000000000000000000;157764,000000000000000000;157764,000000000000000000
1498;157764,000000000000000000;157764,000000000000000000;157764,000000000000000000
1499;157764,000000000000000000;157764,000000000000000000;157764,000000000000000000
1500;157764,000000000000000000;157764,000000000000000000;157764,000000000000000000
1501;157764,000000000000000000;157764,000000000000000000;157764,000000000000000000
1502;157764,000000000000000000;157764,000000000000000000;157764,000000000000000000
1503;157764,000000000000000000;157764,000000000000000000;157764,000000000000000000
1504;157764,000000000000000000;157764,000000000000000000;157764,000000000000000000
1505;157764,000000000000000000;157764,000000000000000000;157764,000000000000000000
1506;157764,000000000000000000;157764,000000000000000000;157764,000000000000000000
1507;157764,000000000000000000;157764,000000000000000000;157764,000000000000000000
1508;157764,000000000000000000;157764,000000000000000000;157764,000000000000000000
1509;157764,000000000000000000;157764,000000000000000000;157764,000000000000000000
1510;157764,000000000000000000;157764,000000000000000000;157764,000000000000000000
1511;157764,000000000000000000;157764,000000000000000000;157764,000000000000000000
1512;157764,000000000000000000;157764,000000000000000000;157764,000000000000000000
1513;157764,000000000000000000;157764,000000000000000000;157764,000000000000000000
1514;157764,000000000000000000;157764,000000000000000000;157764,000000000000000000
1515;157764,000000000000000000;157764,000000000000000000;157764,000000000000000000
1516;157764,000000000000000000;157764,000000000000000000;157764,000000000000000000
1517;157764,000000000000000000;157764,000000000000000000;157764,000000000000000000
1518;157764,000000000000000000;157764,000000000000000000;157764,000000000000000000
1519;157764,000000000000000000;157764,000000000000000000;157764,000000000000000000
1520;157764,000000000000000000;157764,000000000000000000;157764,000000000000000000
1521;157764,000000000000000000;157764,000000000000000000;157764,000000000000000000
1522;157764,000000000000000000;157764,000000000000000000;157764,000000000000000000
1523;157764,000000000000000000;157764,000000000000000000;157764,000000000000000000
1524;157764,000000000000000000;157764,000000000000000000;157764,000000000000000000
1525;157764,000000000000000000;157764,000000000000000000;157764,000000000000000000
1526;157764,000000000000000000;157764,000000000000000000;157764,000000000000000000
1527;157764,000000000000000000;157764,000000000000000000;157764,000000000000000000
1528;157764,000000000000000000;157764,000000000000000000;157764,000000000000000000
1529;157764,000000000000000000;157764,000000000000000000;157764,000000000000000000
1530;157764,000000000000000000;157764,000000000000000000;157764,000000000000000000
1531;157764,000000000000000000;157764,000000000000000000;157764,000000000000000000
1532;157764,000000000000000000;157764,000000000000000000;157764,000000000000000000
1533;157764,000000000000000000;157764,000000000000000000;157764,000000000000000000
1534;157764,000000000000000000;157764,000000000000000000;157764,000000000000000000
1535;157764,000000000000000000;157764,000000000000000000;157764,000000000000000000
1536;157764,000000000000000000;157764,000000000000000000;157764,000000000000000000
1537;157764,000000000000000000;157764,000000000000000000;157764,000000000000000000
1538;157764,000000000000000000;157764,000000000000000000;157764,000000000000000000
1539;157764,000000000000000000;157764,000000000000000000;157764,000000000000000000
1540;157764,000000000000000000;157764,000000000000000000;157764,000000000000000000
1541;157764,000000000000000000;157764,000000000000000000;157764,000000000000000000
1542;157764,000000000000000000;157764,000000000000000000;157764,000000000000000000
1543;157764,000000000000000000;157764,000000000000000000;157764,000000000000000000
1544;157764,000000000000000000;157764,000000000000000000;157764,000000000000000000
1545;157764,000000000000000000;157764,000000000000000000;157764,000000000000000000
1546;157764,000000000000000000;157764,000000000000000000;157764,000000000000000000
1547;157764,000000000000000000;157764,000000000000000000;157764,000000000000000000
1548;157764,000000000000000000;157764,000000000000000000;157764,000000000000000000
1549;157764,000000000000000000;157764,000000000000000000;157764,000000000000000000
1550;157764,000000000000000000;157764,000000000000000000;157764,000000000000000000
1551;157764,000000000000000000;157764,000000000000000000;157764,000000000000000000
1552;157764,000000000000000000;157764,000000000000000000;157764,000000000000000000
1553;157764,000000000000000000;157764,000000000000000000;157764,000000000000000000
1554;157764,000000000000000000;157764,000000000000000000;157764,000000000000000000
1555;157764,000000000000000000;157764,000000000000000000;157764,000000000000000000
1556;157764,000000000000000000;157764,000000000000000000;157764,000000000000000000
1557;157764,000000000000000000;157764,000000000000000000;157764,000000000000000000
1558;157764,000000000000000000;157764,000000000000000000;157764,000000000000000000
1559;157764,000000000000000000;157764,000000000000000000;157764,000000000000000000
1560;157764,000000000000000000;157764,000000000000000000;157764,000000000000000000
1561;157764,000000000000000000;157764,000000000000000000;157764,000000000000000000
1562;157764,000000000000000000;157764,000000000000000000;157764,000000000000000000
1563;157764,000000000000000000;157764,000000000000000000;157764,000000000000000000
1564;157764,000000000000000000;157764,000000000000000000;157764,000000000000000000
1565;157764,000000000000000000;157764,000000000000000000;157764,000000000000000000
1566;157764,000000000000000000;157764,000000000000000000;157764,000000000000000000
1567;157764,000000000000000000;157764,000000000000000000;157764,000000000000000000
1568;157764,000000000000000000;157764,000000000000000000;157764,000000000000000000
1569;157764,000000000000000000;157764,000000000000000000;157764,000000000000000000
1570;157764,000000000000000000;157764,000000000000000000;157764,000000000000000000
1571;157764,000000000000000000;157764,000000000000000000;157764,000000000000000000
1572;157764,000000000000000000;157764,000000000000000000;157764,000000000000000000
1573;157764,000000000000000000;157764,000000000000000000;157764,000000000000000000
1574;157764,000000000000000000;157764,000000000000000000;157764,000000000000000000
1575;157764,000000000000000000;157764,000000000000000000;157764,000000000000000000
1576;157764,000000000000000000;157764,000000000000000000;157764,000000000000000000
1577;157764,000000000000000000;157764,000000000000000000;157764,000000000000000000
1578;157764,000000000000000000;157764,000000000000000000;157764,000000000000000000
1579;157764,000000000000000000;157764,000000000000000000;157764,000000000000000000
1580;157764,000000000000000000;157764,000000000000000000;157764,000000000000000000
1581;157764,000000000000000000;157764,000000000000000000;157764,000000000000000000
1582;157764,000000000000000000;157764,000000000000000000;157764,000000000000000000
1583;157764,000000000000000000;157764,000000000000000000;157764,000000000000000000
1584;157764,000000000000000000;157764,000000000000000000;157764,000000000000000000
1585;157764,000000000000000000;157764,000000000000000000;157764,000000000000000000
1586;157764,000000000000000000;157764,000000000000000000;157764,000000000000000000
1587;157764,000000000000000000;157764,000000000000000000;157764,000000000000000000
1588;157764,000000000000000000;157764,000000000000000000;157764,000000000000000000
1589;157764,000000000000000000;157764,000000000000000000;157764,000000000000000000
1590;157764,000000000000000000;157764,000000000000000000;157764,000000000000000000
1591;157764,000000000000000000;157764,000000000000000000;157764,000000000000000000
1592;157764,000000000000000000;157764,000000000000000000;157764,000000000000000000
1593;157764,000000000000000000;157764,000000000000000000;157764,000000000000000000
1594;157764,000000000000000000;157764,000000000000000000;157764,000000000000000000
1595;157764,000000000000000000;157764,000000000000000000;157764,000000000000000000
1596;157764,000000000000000000;157764,000000000000000000;157764,000000000000000000
1597;157764,000000000000000000;157764,000000000000000000;157764,000000000000000000
1598;157764,000000000000000000;157764,000000000000000000;157764,000000000000000000
1599;157764,000000000000000000;157764,000000000000000000;157764,000000000000000000
1600;157764,000000000000000000;157764,000000000000000000;157764,000000000000000000
1601;157764,000000000000000000;157764,000000000000000000;157764,000000000000000000
1602;157764,000000000000000000;157764,000000000000000000;157764,000000000000000000
1603;157764,000000000000000000;157764,000000000000000000;157764,000000000000000000
1604;157764,000000000000000000;157764,000000000000000000;157764,000000000000000000
1605;157764,000000000000000000;157764,000000000000000000;157764,000000000000000000
1606;157764,000000000000000000;157764,000000000000000000;157764,000000000000000000
1607;157764,000000000000000000;157764,000000000000000000;157764,000000000000000000
1608;157764,000000000000000000;157764,000000000000000000;157764,000000000000000000
1609;157764,000000000000000000;157764,000000000000000000;157764,000000000000000000
1610;157764,000000000000000000;157764,000000000000000000;157764,000000000000000000
1611;157764,000000000000000000;157764,000000000000000000;157764,000000000000000000
1612;157764,000000000000000000;157764,000000000000000000;157764,000000000000000000
1613;157764,000000000000000000;157764,000000000000000000;157764,000000000000000000
1614;157764,000000000000000000;157764,000000000000000000;157764,000000000000000000
1615;157764,000000000000000000;157764,000000000000000000;157764,000000000000000000
1616;157764,000000000000000000;157764,000000000000000000;157764,000000000000000000
1617;157764,000000000000000000;157764,000000000000000000;157764,000000000000000000
1618;157764,000000000000000000;157764,000000000000000000;157764,000000000000000000
1619;157764,000000000000000000;157764,000000000000000000;157764,000000000000000000
1620;157764,000000000000000000;157764,000000000000000000;157764,000000000000000000
1621;157764,000000000000000000;157764,000000000000000000;157764,000000000000000000
1622;157764,000000000000000000;157764,000000000000000000;157764,000000000000000000
1623;157764,000000000000000000;157764,000000000000000000;157764,000000000000000000
1624;157764,000000000000000000;157764,000000000000000000;157764,000000000000000000
1625;157764,000000000000000000;157764,000000000000000000;157764,000000000000000000
1626;157764,000000000000000000;157764,000000000000000000;157764,000000000000000000
1627;157764,000000000000000000;157764,000000000000000000;157764,000000000000000000
1628;157764,000000000000000000;157764,000000000000000000;157764,000000000000000000
1629;157764,000000000000000000;157764,000000000000000000;157764,000000000000000000
1630;157764,000000000000000000;157764,000000000000000000;157764,000000000000000000
1631;157764,000000000000000000;157764,000000000000000000;157764,000000000000000000
1632;157764,000000000000000000;157764,000000000000000000;157764,000000000000000000
1633;157764,000000000000000000;157764,000000000000000000;157764,000000000000000000
1634;157764,000000000000000000;157764,000000000000000000;157764,000000000000000000
1635;157764,000000000000000000;157764,000000000000000000;157764,000000000000000000
1636;157764,000000000000000000;157764,000000000000000000;157764,000000000000000000
1637;157764,000000000000000000;157764,000000000000000000;157764,000000000000000000
1638;157764,000000000000000000;157764,000000000000000000;157764,000000000000000000
1639;157764,000000000000000000;157764,000000000000000000;157764,000000000000000000
1640;157764,000000000000000000;157764,000000000000000000;157764,000000000000000000
1641;157764,000000000000000000;157764,000000000000000000;157764,000000000000000000
1642;157764,000000000000000000;157764,000000000000000000;157764,000000000000000000
1643;157764,000000000000000000;157764,000000000000000000;157764,000000000000000000
1644;157764,000000000000000000;157764,000000000000000000;157764,000000000000000000
1645;157764,000000000000000000;157764,000000000000000000;157764,000000000000000000
1646;157764,000000000000000000;157764,000000000000000000;157764,000000000000000000
1647;157764,000000000000000000;157764,000000000000000000;157764,000000000000000000
1648;157764,000000000000000000;157764,000000000000000000;157764,000000000000000000
1649;157764,000000000000000000;157764,000000000000000000;157764,000000000000000000
1650;157764,000000000000000000;157764,000000000000000000;157764,000000000000000000
1651;157764,000000000000000000;157764,000000000000000000;157764,000000000000000000
1652;157764,000000000000000000;157764,000000000000000000;157764,000000000000000000
1653;157764,000000000000000000;157764,000000000000000000;157764,000000000000000000
1654;157764,000000000000000000;157764,000000000000000000;157764,000000000000000000
1655;157764,000000000000000000;157764,000000000000000000;157764,000000000000000000
1656;157764,000000000000000000;157764,000000000000000000;157764,000000000000000000
1657;157764,000000000000000000;157764,000000000000000000;157764,000000000000000000
1658;157764,000000000000000000;157764,000000000000000000;157764,000000000000000000
1659;157764,000000000000000000;157764,000000000000000000;157764,000000000000000000
1660;157764,000000000000000000;157764,000000000000000000;157764,000000000000000000
1661;157764,000000000000000000;157764,000000000000000000;157764,000000000000000000
1662;157764,000000000000000000;157764,000000000000000000;157764,000000000000000000
1663;157764,000000000000000000;157764,000000000000000000;157764,000000000000000000
1664;157764,000000000000000000;157764,000000000000000000;157764,000000000000000000
1665;157764,000000000000000000;157764,000000000000000000;157764,000000000000000000
1666;157764,000000000000000000;157764,000000000000000000;157764,000000000000000000
1667;157764,000000000000000000;157764,000000000000000000;157764,000000000000000000
1668;157764,000000000000000000;157764,000000000000000000;157764,000000000000000000
1669;157764,000000000000000000;157764,000000000000000000;157764,000000000000000000
1670;157764,000000000000000000;157764,000000000000000000;157764,000000000000000000
1671;157764,000000000000000000;157764,000000000000000000;157764,000000000000000000
1672;157764,000000000000000000;157764,000000000000000000;157764,000000000000000000
1673;157764,000000000000000000;157764,000000000000000000;157764,000000000000000000
1674;157764,000000000000000000;157764,000000000000000000;157764,000000000000000000
1675;157764,000000000000000000;157764,000000000000000000;157764,000000000000000000
1676;157764,000000000000000000;157764,000000000000000000;157764,000000000000000000
1677;157764,000000000000000000;157764,000000000000000000;157764,000000000000000000
1678;157764,000000000000000000;157764,000000000000000000;157764,000000000000000000
1679;157764,000000000000000000;157764,000000000000000000;157764,000000000000000000
1680;157764,000000000000000000;157764,000000000000000000;157764,000000000000000000
1681;157764,000000000000000000;157764,000000000000000000;157764,000000000000000000
1682;157764,000000000000000000;157764,000000000000000000;157764,000000000000000000
1683;157764,000000000000000000;157764,000000000000000000;157764,000000000000000000
1684;157764,000000000000000000;157764,000000000000000000;157764,000000000000000000
1685;157764,000000000000000000;157764,000000000000000000;157764,000000000000000000
1686;157764,000000000000000000;157764,000000000000000000;157764,000000000000000000
1687;157764,000000000000000000;157764,000000000000000000;157764,000000000000000000
1688;157764,000000000000000000;157764,000000000000000000;157764,000000000000000000
1689;157764,000000000000000000;157764,000000000000000000;157764,000000000000000000
1690;157764,000000000000000000;157764,000000000000000000;157764,000000000000000000
1691;157764,000000000000000000;157764,000000000000000000;157764,000000000000000000
1692;157764,000000000000000000;157764,000000000000000000;157764,000000000000000000
1693;157764,000000000000000000;157764,000000000000000000;157764,000000000000000000
1694;157764,000000000000000000;157764,000000000000000000;157764,000000000000000000
1695;157764,000000000000000000;157764,000000000000000000;157764,000000000000000000
1696;157764,000000000000000000;157764,000000000000000000;157764,000000000000000000
1697;157764,000000000000000000;157764,000000000000000000;157764,000000000000000000
1698;157764,000000000000000000;157764,000000000000000000;157764,000000000000000000
1699;157764,000000000000000000;157764,000000000000000000;157764,000000000000000000
1700;157764,000000000000000000;157764,000000000000000000;157764,000000000000000000
1701;157764,000000000000000000;157764,000000000000000000;157764,000000000000000000
1702;157764,000000000000000000;157764,000000000000000000;157764,000000000000000000
1703;157764,000000000000000000;157764,000000000000000000;157764,000000000000000000
1704;157764,000000000000000000;157764,000000000000000000;157764,000000000000000000
1705;157764,000000000000000000;157764,000000000000000000;157764,000000000000000000
1706;157764,000000000000000000;157764,000000000000000000;157764,000000000000000000
1707;157764,000000000000000000;157764,000000000000000000;157764,000000000000000000
1708;157764,000000000000000000;157764,000000000000000000;157764,000000000000000000
1709;157764,000000000000000000;157764,000000000000000000;157764,000000000000000000
1710;157764,000000000000000000;157764,000000000000000000;157764,000000000000000000
1711;157764,000000000000000000;157764,000000000000000000;157764,000000000000000000
1712;157764,000000000000000000;157764,000000000000000000;157764,000000000000000000
1713;157764,000000000000000000;157764,000000000000000000;157764,000000000000000000
1714;157764,000000000000000000;157764,000000000000000000;157764,000000000000000000
1715;157764,000000000000000000;157764,000000000000000000;157764,000000000000000000
1716;157764,000000000000000000;157764,000000000000000000;157764,000000000000000000
1717;157764,000000000000000000;157764,000000000000000000;157764,000000000000000000
1718;157764,000000000000000000;157764,000000000000000000;157764,000000000000000000
1719;157764,000000000000000000;157764,000000000000000000;157764,000000000000000000
1720;157764,000000000000000000;157764,000000000000000000;157764,000000000000000000
1721;157764,000000000000000000;157764,000000000000000000;157764,000000000000000000
1722;157764,000000000000000000;157764,000000000000000000;157764,000000000000000000
1723;157764,000000000000000000;157764,000000000000000000;157764,000000000000000000
1724;157764,000000000000000000;157764,000000000000000000;157764,000000000000000000
1725;157764,000000000000000000;157764,000000000000000000;157764,000000000000000000
1726;157764,000000000000000000;157764,000000000000000000;157764,000000000000000000
1727;157764,000000000000000000;157764,000000000000000000;157764,000000000000000000
1728;157764,000000000000000000;157764,000000000000000000;157764,000000000000000000
1729;157764,000000000000000000;157764,000000000000000000;157764,000000000000000000
1730;157764,000000000000000000;157764,000000000000000000;157764,000000000000000000
1731;157764,000000000000000000;157764,000000000000000000;157764,000000000000000000
1732;157764,000000000000000000;157764,000000000000000000;157764,000000000000000000
1733;157764,000000000000000000;157764,000000000000000000;157764,000000000000000000
1734;157764,000000000000000000;157764,000000000000000000;157764,000000000000000000
1735;157764,000000000000000000;157764,000000000000000000;157764,000000000000000000
1736;157764,000000000000000000;157764,000000000000000000;157764,000000000000000000
1737;157764,000000000000000000;157764,000000000000000000;157764,000000000000000000
1738;157764,000000000000000000;157764,000000000000000000;157764,000000000000000000
1739;157764,000000000000000000;157764,000000000000000000;157764,000000000000000000
1740;157764,000000000000000000;157764,000000000000000000;157764,000000000000000000
1741;157764,000000000000000000;157764,000000000000000000;157764,000000000000000000
1742;157764,000000000000000000;157764,000000000000000000;157764,000000000000000000
1743;157764,000000000000000000;157764,000000000000000000;157764,000000000000000000
1744;157764,000000000000000000;157764,000000000000000000;157764,000000000000000000
1745;157764,000000000000000000;157764,000000000000000000;157764,000000000000000000
1746;157764,000000000000000000;157764,000000000000000000;157764,000000000000000000
1747;157764,000000000000000000;157764,000000000000000000;157764,000000000000000000
1748;157764,000000000000000000;157764,000000000000000000;157764,000000000000000000
1749;157764,000000000000000000;157764,000000000000000000;157764,000000000000000000
1750;157764,000000000000000000;157764,000000000000000000;157764,000000000000000000
1751;157764,000000000000000000;157764,000000000000000000;157764,000000000000000000
1752;157764,000000000000000000;157764,000000000000000000;157764,000000000000000000
1753;157764,000000000000000000;157764,000000000000000000;157764,000000000000000000
1754;157764,000000000000000000;157764,000000000000000000;157764,000000000000000000
1755;157764,000000000000000000;157764,000000000000000000;157764,000000000000000000
1756;157764,000000000000000000;157764,000000000000000000;157764,000000000000000000
1757;157764,000000000000000000;157764,000000000000000000;157764,000000000000000000
1758;157764,000000000000000000;157764,000000000000000000;157764,000000000000000000
1759;157764,000000000000000000;157764,000000000000000000;157764,000000000000000000
1760;157764,000000000000000000;157764,000000000000000000;157764,000000000000000000
1761;157764,000000000000000000;157764,000000000000000000;157764,000000000000000000
1762;157764,000000000000000000;157764,000000000000000000;157764,000000000000000000
1763;157764,000000000000000000;157764,000000000000000000;157764,000000000000000000
1764;157764,000000000000000000;157764,000000000000000000;157764,000000000000000000
1765;157764,000000000000000000;157764,000000000000000000;157764,000000000000000000
1766;157764,000000000000000000;157764,000000000000000000;157764,000000000000000000
1767;157764,000000000000000000;157764,000000000000000000;157764,000000000000000000
1768;157764,000000000000000000;157764,000000000000000000;157764,000000000000000000
1769;157764,000000000000000000;157764,000000000000000000;157764,000000000000000000
1770;157764,000000000000000000;157764,000000000000000000;157764,000000000000000000
1771;157764,000000000000000000;157764,000000000000000000;157764,000000000000000000
1772;157764,000000000000000000;157764,000000000000000000;157764,000000000000000000
1773;157764,000000000000000000;157764,000000000000000000;157764,000000000000000000
1774;157764,000000000000000000;157764,000000000000000000;157764,000000000000000000
1775;157764,000000000000000000;157764,000000000000000000;157764,000000000000000000
1776;157764,000000000000000000;157764,000000000000000000;157764,000000000000000000
1777;157764,000000000000000000;157764,000000000000000000;157764,000000000000000000
1778;157764,000000000000000000;157764,000000000000000000;157764,000000000000000000
1779;157764,000000000000000000;157764,000000000000000000;157764,000000000000000000
1780;157764,000000000000000000;157764,000000000000000000;157764,000000000000000000
1781;157764,000000000000000000;157764,000000000000000000;157764,000000000000000000
1782;157764,000000000000000000;157764,000000000000000000;157764,000000000000000000
1783;157764,000000000000000000;157764,000000000000000000;157764,000000000000000000
1784;157764,000000000000000000;157764,000000000000000000;157764,000000000000000000
1785;157764,000000000000000000;157764,000000000000000000;157764,000000000000000000
1786;157764,000000000000000000;157764,000000000000000000;157764,000000000000000000
1787;157764,000000000000000000;157764,000000000000000000;157764,000000000000000000
1788;157764,000000000000000000;157764,000000000000000000;157764,000000000000000000
1789;157764,000000000000000000;157764,000000000000000000;157764,000000000000000000
1790;157764,000000000000000000;157764,000000000000000000;157764,000000000000000000
1791;157764,000000000000000000;157764,000000000000000000;157764,000000000000000000
1792;157764,000000000000000000;157764,000000000000000000;157764,000000000000000000
1793;157764,000000000000000000;157764,000000000000000000;157764,000000000000000000
1794;157764,000000000000000000;157764,000000000000000000;157764,000000000000000000
1795;157764,000000000000000000;157764,000000000000000000;157764,000000000000000000
1796;157764,000000000000000000;157764,000000000000000000;157764,000000000000000000
1797;157764,000000000000000000;157764,000000000000000000;157764,000000000000000000
1798;157764,000000000000000000;157764,000000000000000000;157764,000000000000000000
1799;157764,000000000000000000;157764,000000000000000000;157764,000000000000000000
1800;157764,000000000000000000;157764,000000000000000000;157764,000000000000000000
1801;157764,000000000000000000;157764,000000000000000000;157764,000000000000000000
1802;157764,000000000000000000;157764,000000000000000000;157764,000000000000000000
1803;157764,000000000000000000;157764,000000000000000000;157764,000000000000000000
1804;157764,000000000000000000;157764,000000000000000000;157764,000000000000000000
1805;157764,000000000000000000;157764,000000000000000000;157764,000000000000000000
1806;157764,000000000000000000;157764,000000000000000000;157764,000000000000000000
1807;157764,000000000000000000;157764,000000000000000000;157764,000000000000000000
1808;157764,000000000000000000;157764,000000000000000000;157764,000000000000000000
1809;157764,000000000000000000;157764,000000000000000000;157764,000000000000000000
1810;157764,000000000000000000;157764,000000000000000000;157764,000000000000000000
1811;157764,000000000000000000;157764,000000000000000000;157764,000000000000000000
1812;157764,000000000000000000;157764,000000000000000000;157764,000000000000000000
1813;157764,000000000000000000;157764,000000000000000000;157764,000000000000000000
1814;157764,000000000000000000;157764,000000000000000000;157764,000000000000000000
1815;157764,000000000000000000;157764,000000000000000000;157764,000000000000000000
1816;157764,000000000000000000;157764,000000000000000000;157764,000000000000000000
1817;157764,000000000000000000;157764,000000000000000000;157764,000000000000000000
1818;157764,000000000000000000;157764,000000000000000000;157764,000000000000000000
1819;157764,000000000000000000;157764,000000000000000000;157764,000000000000000000
1820;157764,000000000000000000;157764,000000000000000000;157764,000000000000000000
1821;157764,000000000000000000;157764,000000000000000000;157764,000000000000000000
1822;157764,000000000000000000;157764,000000000000000000;157764,000000000000000000
1823;157764,000000000000000000;157764,000000000000000000;157764,000000000000000000
1824;157764,000000000000000000;157764,000000000000000000;157764,000000000000000000
1825;157764,000000000000000000;157764,000000000000000000;157764,000000000000000000
1826;157764,000000000000000000;157764,000000000000000000;157764,000000000000000000
1827;157764,000000000000000000;157764,000000000000000000;157764,000000000000000000
1828;157764,000000000000000000;157764,000000000000000000;157764,000000000000000000
1829;157764,000000000000000000;157764,000000000000000000;157764,000000000000000000
1830;157764,000000000000000000;157764,000000000000000000;157764,000000000000000000
1831;157764,000000000000000000;157764,000000000000000000;157764,000000000000000000
1832;157764,000000000000000000;157764,000000000000000000;157764,000000000000000000
1833;157764,000000000000000000;157764,000000000000000000;157764,000000000000000000
1834;157764,000000000000000000;157764,000000000000000000;157764,000000000000000000
1835;157764,000000000000000000;157764,000000000000000000;157764,000000000000000000
1836;157764,000000000000000000;157764,000000000000000000;157764,000000000000000000
1837;157764,000000000000000000;157764,000000000000000000;157764,000000000000000000
1838;157764,000000000000000000;157764,000000000000000000;157764,000000000000000000
1839;157764,000000000000000000;157764,000000000000000000;157764,000000000000000000
1840;157764,000000000000000000;157764,000000000000000000;157764,000000000000000000
1841;157764,000000000000000000;157764,000000000000000000;157764,000000000000000000
1842;157764,000000000000000000;157764,000000000000000000;157764,000000000000000000
1843;157764,000000000000000000;157764,000000000000000000;157764,000000000000000000
1844;157764,000000000000000000;157764,000000000000000000;157764,000000000000000000
1845;157764,000000000000000000;157764,000000000000000000;157764,000000000000000000
1846;157764,000000000000000000;157764,000000000000000000;157764,000000000000000000
1847;157764,000000000000000000;157764,000000000000000000;157764,000000000000000000
1848;157764,000000000000000000;157764,000000000000000000;157764,000000000000000000
1849;157764,000000000000000000;157764,000000000000000000;157764,000000000000000000
1850;157764,000000000000000000;157764,000000000000000000;157764,000000000000000000
1851;157764,000000000000000000;157764,000000000000000000;157764,000000000000000000
1852;157764,000000000000000000;157764,000000000000000000;157764,000000000000000000
1853;157764,000000000000000000;157764,000000000000000000;157764,000000000000000000
1854;157764,000000000000000000;157764,000000000000000000;157764,000000000000000000
1855;157764,000000000000000000;157764,000000000000000000;157764,000000000000000000
1856;157764,000000000000000000;157764,000000000000000000;157764,000000000000000000
1857;157764,000000000000000000;157764,000000000000000000;157764,000000000000000000
1858;157764,000000000000000000;157764,000000000000000000;157764,000000000000000000
1859;157764,000000000000000000;157764,000000000000000000;157764,000000000000000000
1860;157764,000000000000000000;157764,000000000000000000;157764,000000000000000000
1861;157764,000000000000000000;157764,000000000000000000;157764,000000000000000000
1862;157764,000000000000000000;157764,000000000000000000;157764,000000000000000000
1863;157764,000000000000000000;157764,000000000000000000;157764,000000000000000000
1864;157764,000000000000000000;157764,000000000000000000;157764,000000000000000000
1865;157764,000000000000000000;157764,000000000000000000;157764,000000000000000000
1866;157764,000000000000000000;157764,000000000000000000;157764,000000000000000000
1867;157764,000000000000000000;157764,000000000000000000;157764,000000000000000000
1868;157764,000000000000000000;157764,000000000000000000;157764,000000000000000000
1869;157764,000000000000000000;157764,000000000000000000;157764,000000000000000000
1870;157764,000000000000000000;157764,000000000000000000;157764,000000000000000000
1871;157764,000000000000000000;157764,000000000000000000;157764,000000000000000000
1872;157764,000000000000000000;157764,000000000000000000;157764,000000000000000000
1873;157764,000000000000000000;157764,000000000000000000;157764,000000000000000000
1874;157764,000000000000000000;157764,000000000000000000;157764,000000000000000000
1875;157764,000000000000000000;157764,000000000000000000;157764,000000000000000000
1876;157764,000000000000000000;157764,000000000000000000;157764,000000000000000000
1877;157764,000000000000000000;157764,000000000000000000;157764,000000000000000000
1878;157764,000000000000000000;157764,000000000000000000;157764,000000000000000000
1879;157764,000000000000000000;157764,000000000000000000;157764,000000000000000000
1880;157764,000000000000000000;157764,000000000000000000;157764,000000000000000000
1881;157764,000000000000000000;157764,000000000000000000;157764,000000000000000000
1882;157764,000000000000000000;157764,000000000000000000;157764,000000000000000000
1883;157764,000000000000000000;157764,000000000000000000;157764,000000000000000000
1884;157764,000000000000000000;157764,000000000000000000;157764,000000000000000000
1885;157764,000000000000000000;157764,000000000000000000;157764,000000000000000000
1886;157764,000000000000000000;157764,000000000000000000;157764,000000000000000000
1887;157764,000000000000000000;157764,000000000000000000;157764,000000000000000000
1888;157764,000000000000000000;157764,000000000000000000;157764,000000000000000000
1889;157764,000000000000000000;157764,000000000000000000;157764,000000000000000000
1890;157764,000000000000000000;157764,000000000000000000;157764,000000000000000000
1891;157764,000000000000000000;157764,000000000000000000;157764,000000000000000000
1892;157764,000000000000000000;157764,000000000000000000;157764,000000000000000000
1893;157764,000000000000000000;157764,000000000000000000;157764,000000000000000000
1894;157764,000000000000000000;157764,000000000000000000;157764,000000000000000000
1895;157764,000000000000000000;157764,000000000000000000;157764,000000000000000000
1896;157764,000000000000000000;157764,000000000000000000;157764,000000000000000000
1897;157764,000000000000000000;157764,000000000000000000;157764,000000000000000000
1898;157764,000000000000000000;157764,000000000000000000;157764,000000000000000000
1899;157764,000000000000000000;157764,000000000000000000;157764,000000000000000000
1900;157764,000000000000000000;157764,000000000000000000;157764,000000000000000000
1901;157764,000000000000000000;157764,000000000000000000;157764,000000000000000000
1902;157764,000000000000000000;157764,000000000000000000;157764,000000000000000000
1903;157764,000000000000000000;157764,000000000000000000;157764,000000000000000000
1904;157764,000000000000000000;157764,000000000000000000;157764,000000000000000000
1905;157764,000000000000000000;157764,000000000000000000;157764,000000000000000000
1906;157764,000000000000000000;157764,000000000000000000;157764,000000000000000000
1907;157764,000000000000000000;157764,000000000000000000;157764,000000000000000000
1908;157764,000000000000000000;157764,000000000000000000;157764,000000000000000000
1909;157764,000000000000000000;157764,000000000000000000;157764,000000000000000000
1910;157764,000000000000000000;157764,000000000000000000;157764,000000000000000000
1911;157764,000000000000000000;157764,000000000000000000;157764,000000000000000000
1912;157764,000000000000000000;157764,000000000000000000;157764,000000000000000000
1913;157764,000000000000000000;157764,000000000000000000;157764,000000000000000000
1914;157764,000000000000000000;157764,000000000000000000;157764,000000000000000000
1915;157764,000000000000000000;157764,000000000000000000;157764,000000000000000000
1916;157764,000000000000000000;157764,000000000000000000;157764,000000000000000000
1917;157764,000000000000000000;157764,000000000000000000;157764,000000000000000000
1918;157764,000000000000000000;157764,000000000000000000;157764,000000000000000000
1919;157764,000000000000000000;157764,000000000000000000;157764,000000000000000000
1920;157764,000000000000000000;157764,000000000000000000;157764,000000000000000000
1921;157764,000000000000000000;157764,000000000000000000;157764,000000000000000000
1922;157764,000000000000000000;157764,000000000000000000;157764,000000000000000000
1923;157764,000000000000000000;157764,000000000000000000;157764,000000000000000000
1924;157764,000000000000000000;157764,000000000000000000;157764,000000000000000000
1925;157764,000000000000000000;157764,000000000000000000;157764,000000000000000000
1926;157764,000000000000000000;157764,000000000000000000;157764,000000000000000000
1927;157764,000000000000000000;157764,000000000000000000;157764,000000000000000000
1928;157764,000000000000000000;157764,000000000000000000;157764,000000000000000000
1929;157764,000000000000000000;157764,000000000000000000;157764,000000000000000000
1930;157764,000000000000000000;157764,000000000000000000;157764,000000000000000000
1931;157764,000000000000000000;157764,000000000000000000;157764,000000000000000000
1932;157764,000000000000000000;157764,000000000000000000;157764,000000000000000000
1933;157764,000000000000000000;157764,000000000000000000;157764,000000000000000000
1934;157764,000000000000000000;157764,000000000000000000;157764,000000000000000000
1935;157764,000000000000000000;157764,000000000000000000;157764,000000000000000000
1936;157764,000000000000000000;157764,000000000000000000;157764,000000000000000000
1937;157764,000000000000000000;157764,000000000000000000;157764,000000000000000000
1938;157764,000000000000000000;157764,000000000000000000;157764,000000000000000000
1939;157764,000000000000000000;157764,000000000000000000;157764,000000000000000000
1940;157764,000000000000000000;157764,000000000000000000;157764,000000000000000000
1941;157764,000000000000000000;157764,000000000000000000;157764,000000000000000000
1942;157764,000000000000000000;157764,000000000000000000;157764,000000000000000000
1943;157764,000000000000000000;157764,000000000000000000;157764,000000000000000000
1944;157764,000000000000000000;157764,000000000000000000;157764,000000000000000000
1945;157764,000000000000000000;157764,000000000000000000;157764,000000000000000000
1946;157764,000000000000000000;157764,000000000000000000;157764,000000000000000000
1947;157764,000000000000000000;157764,000000000000000000;157764,000000000000000000
1948;157764,000000000000000000;157764,000000000000000000;157764,000000000000000000
1949;157764,000000000000000000;157764,000000000000000000;157764,000000000000000000
1950;157764,000000000000000000;157764,000000000000000000;157764,000000000000000000
1951;157764,000000000000000000;157764,000000000000000000;157764,000000000000000000
1952;157764,000000000000000000;157764,000000000000000000;157764,000000000000000000
1953;157764,000000000000000000;157764,000000000000000000;157764,000000000000000000
1954;157764,000000000000000000;157764,000000000000000000;157764,000000000000000000
1955;157764,000000000000000000;157764,000000000000000000;157764,000000000000000000
1956;157764,000000000000000000;157764,000000000000000000;157764,000000000000000000
1957;157764,000000000000000000;157764,000000000000000000;157764,000000000000000000
1958;157764,000000000000000000;157764,000000000000000000;157764,000000000000000000
1959;157764,000000000000000000;157764,000000000000000000;157764,000000000000000000
1960;157764,000000000000000000;157764,000000000000000000;157764,000000000000000000
1961;157764,000000000000000000;157764,000000000000000000;157764,000000000000000000
1962;157764,000000000000000000;157764,000000000000000000;157764,000000000000000000
1963;157764,000000000000000000;157764,000000000000000000;157764,000000000000000000
1964;157764,000000000000000000;157764,000000000000000000;157764,000000000000000000
1965;157764,000000000000000000;157764,000000000000000000;157764,000000000000000000
1966;157764,000000000000000000;157764,000000000000000000;157764,000000000000000000
1967;157764,000000000000000000;157764,000000000000000000;157764,000000000000000000
1968;157764,000000000000000000;157764,000000000000000000;157764,000000000000000000
1969;157764,000000000000000000;157764,000000000000000000;157764,000000000000000000
1970;157764,000000000000000000;157764,000000000000000000;157764,000000000000000000
1971;157764,000000000000000000;157764,000000000000000000;157764,000000000000000000
1972;157764,000000000000000000;157764,000000000000000000;157764,000000000000000000
1973;157764,000000000000000000;157764,000000000000000000;157764,000000000000000000
1974;157764,000000000000000000;157764,000000000000000000;157764,000000000000000000
1975;157764,000000000000000000;157764,000000000000000000;157764,000000000000000000
1976;157764,000000000000000000;157764,000000000000000000;157764,000000000000000000
1977;157764,000000000000000000;157764,000000000000000000;157764,000000000000000000
1978;157764,000000000000000000;157764,000000000000000000;157764,000000000000000000
1979;157764,000000000000000000;157764,000000000000000000;157764,000000000000000000
1980;157764,000000000000000000;157764,000000000000000000;157764,000000000000000000
1981;157764,000000000000000000;157764,000000000000000000;157764,000000000000000000
1982;157764,000000000000000000;157764,000000000000000000;157764,000000000000000000
1983;157764,000000000000000000;157764,000000000000000000;157764,000000000000000000
1984;157764,000000000000000000;157764,000000000000000000;157764,000000000000000000
1985;157764,000000000000000000;157764,000000000000000000;157764,000000000000000000
1986;157764,000000000000000000;157764,000000000000000000;157764,000000000000000000
1987;157764,000000000000000000;157764,000000000000000000;157764,000000000000000000
1988;157764,000000000000000000;157764,000000000000000000;157764,000000000000000000
1989;157764,000000000000000000;157764,000000000000000000;157764,000000000000000000
1990;157764,000000000000000000;157764,000000000000000000;157764,000000000000000000
1991;157764,000000000000000000;157764,000000000000000000;157764,000000000000000000
1992;157764,000000000000000000;157764,000000000000000000;157764,000000000000000000
1993;157764,000000000000000000;157764,000000000000000000;157764,000000000000000000
1994;157764,000000000000000000;157764,000000000000000000;157764,000000000000000000
1995;157764,000000000000000000;157764,000000000000000000;157764,000000000000000000
1996;157764,000000000000000000;157764,000000000000000000;157764,000000000000000000
1997;157764,000000000000000000;157764,000000000000000000;157764,000000000000000000
1998;157764,000000000000000000;157764,000000000000000000;157764,000000000000000000
1999;157764,000000000000000000;157764,000000000000000000;157764,000000000000000000
