0;10917,000000000000000000;5888,000000000000000000;9011,000000000000000000
1;11350,000000000000000000;7209,000000000000000000;9503,000000000000000000
2;11350,000000000000000000;7952,000000000000000000;9756,000000000000000000
3;11350,000000000000000000;8480,000000000000000000;9920,000000000000000000
4;11350,000000000000000000;8669,000000000000000000;10025,000000000000000000
5;11350,000000000000000000;8951,000000000000000000;10128,000000000000000000
6;11350,000000000000000000;8972,000000000000000000;10201,000000000000000000
7;11350,000000000000000000;8972,000000000000000000;10277,000000000000000000
8;11350,000000000000000000;9242,000000000000000000;10353,000000000000000000
9;11350,000000000000000000;9384,000000000000000000;10397,000000000000000000
10;11531,000000000000000000;9384,000000000000000000;10443,000000000000000000
11;11531,000000000000000000;9513,000000000000000000;10482,000000000000000000
12;11531,000000000000000000;9513,000000000000000000;10510,000000000000000000
13;11531,000000000000000000;9518,000000000000000000;10544,000000000000000000
14;11531,000000000000000000;9518,000000000000000000;10566,000000000000000000
15;11531,000000000000000000;9518,000000000000000000;10585,000000000000000000
16;11531,000000000000000000;9518,000000000000000000;10619,000000000000000000
17;11531,000000000000000000;9518,000000000000000000;10645,000000000000000000
18;11531,000000000000000000;9773,000000000000000000;10672,000000000000000000
19;11531,000000000000000000;9773,000000000000000000;10694,000000000000000000
20;11552,000000000000000000;9806,000000000000000000;10716,000000000000000000
21;11552,000000000000000000;9806,000000000000000000;10742,000000000000000000
22;11552,000000000000000000;9806,000000000000000000;10767,000000000000000000
23;11579,000000000000000000;9806,000000000000000000;10785,000000000000000000
24;11579,000000000000000000;9806,000000000000000000;10804,000000000000000000
25;11579,000000000000000000;9806,000000000000000000;10824,000000000000000000
26;11579,000000000000000000;9806,000000000000000000;10840,000000000000000000
27;11579,000000000000000000;9806,000000000000000000;10856,000000000000000000
28;11579,000000000000000000;9806,000000000000000000;10873,000000000000000000
29;11579,000000000000000000;9806,000000000000000000;10892,000000000000000000
30;11579,000000000000000000;9806,000000000000000000;10907,000000000000000000
31;11740,000000000000000000;10192,000000000000000000;10922,000000000000000000
32;11740,000000000000000000;10192,000000000000000000;10939,000000000000000000
33;11740,000000000000000000;10192,000000000000000000;10951,000000000000000000
34;11740,000000000000000000;10296,000000000000000000;10980,000000000000000000
35;11740,000000000000000000;10296,000000000000000000;10998,000000000000000000
36;11740,000000000000000000;10362,000000000000000000;11012,000000000000000000
37;11740,000000000000000000;10368,000000000000000000;11028,000000000000000000
38;11740,000000000000000000;10396,000000000000000000;11043,000000000000000000
39;11740,000000000000000000;10396,000000000000000000;11052,000000000000000000
40;11740,000000000000000000;10396,000000000000000000;11064,000000000000000000
41;11740,000000000000000000;10396,000000000000000000;11077,000000000000000000
42;11740,000000000000000000;10396,000000000000000000;11085,000000000000000000
43;11740,000000000000000000;10396,000000000000000000;11095,000000000000000000
44;11740,000000000000000000;10396,000000000000000000;11113,000000000000000000
45;11740,000000000000000000;10456,000000000000000000;11125,000000000000000000
46;11740,000000000000000000;10456,000000000000000000;11135,000000000000000000
47;11740,000000000000000000;10456,000000000000000000;11146,000000000000000000
48;11740,000000000000000000;10456,000000000000000000;11151,000000000000000000
49;11740,000000000000000000;10456,000000000000000000;11163,000000000000000000
50;11740,000000000000000000;10525,000000000000000000;11171,000000000000000000
51;11740,000000000000000000;10525,000000000000000000;11177,000000000000000000
52;11740,000000000000000000;10525,000000000000000000;11186,000000000000000000
53;11740,000000000000000000;10578,000000000000000000;11199,000000000000000000
54;11740,000000000000000000;10578,000000000000000000;11209,000000000000000000
55;11740,000000000000000000;10578,000000000000000000;11216,000000000000000000
56;11740,000000000000000000;10599,000000000000000000;11223,000000000000000000
57;11740,000000000000000000;10599,000000000000000000;11234,000000000000000000
58;11740,000000000000000000;10599,000000000000000000;11242,000000000000000000
59;11740,000000000000000000;10760,000000000000000000;11249,000000000000000000
60;11740,000000000000000000;10760,000000000000000000;11256,000000000000000000
61;11740,000000000000000000;10760,000000000000000000;11260,000000000000000000
62;11740,000000000000000000;10760,000000000000000000;11266,000000000000000000
63;11740,000000000000000000;10760,000000000000000000;11271,000000000000000000
64;11740,000000000000000000;10760,000000000000000000;11274,000000000000000000
65;11740,000000000000000000;10760,000000000000000000;11278,000000000000000000
66;11740,000000000000000000;10760,000000000000000000;11282,000000000000000000
67;11740,000000000000000000;10760,000000000000000000;11286,000000000000000000
68;11740,000000000000000000;10760,000000000000000000;11291,000000000000000000
69;11740,000000000000000000;10760,000000000000000000;11294,000000000000000000
70;11740,000000000000000000;10760,000000000000000000;11297,000000000000000000
71;11740,000000000000000000;10760,000000000000000000;11303,000000000000000000
72;11740,000000000000000000;10760,000000000000000000;11306,000000000000000000
73;11740,000000000000000000;10760,000000000000000000;11314,000000000000000000
74;11740,000000000000000000;10760,000000000000000000;11321,000000000000000000
75;11740,000000000000000000;10760,000000000000000000;11327,000000000000000000
76;11740,000000000000000000;10760,000000000000000000;11334,000000000000000000
77;11740,000000000000000000;10760,000000000000000000;11340,000000000000000000
78;11740,000000000000000000;10760,000000000000000000;11345,000000000000000000
79;11740,000000000000000000;10760,000000000000000000;11351,000000000000000000
80;11740,000000000000000000;10760,000000000000000000;11356,000000000000000000
81;11740,000000000000000000;10760,000000000000000000;11361,000000000000000000
82;11740,000000000000000000;10760,000000000000000000;11368,000000000000000000
83;11740,000000000000000000;10870,000000000000000000;11373,000000000000000000
84;11740,000000000000000000;10870,000000000000000000;11376,000000000000000000
85;11740,000000000000000000;10870,000000000000000000;11378,000000000000000000
86;11740,000000000000000000;10870,000000000000000000;11383,000000000000000000
87;11740,000000000000000000;10870,000000000000000000;11386,000000000000000000
88;11740,000000000000000000;10870,000000000000000000;11390,000000000000000000
89;11740,000000000000000000;10870,000000000000000000;11393,000000000000000000
90;11740,000000000000000000;10982,000000000000000000;11398,000000000000000000
91;11740,000000000000000000;11017,000000000000000000;11401,000000000000000000
92;11740,000000000000000000;11017,000000000000000000;11405,000000000000000000
93;11740,000000000000000000;11017,000000000000000000;11407,000000000000000000
94;11740,000000000000000000;11017,000000000000000000;11411,000000000000000000
95;11740,000000000000000000;11017,000000000000000000;11415,000000000000000000
96;11740,000000000000000000;11017,000000000000000000;11416,000000000000000000
97;11740,000000000000000000;11017,000000000000000000;11418,000000000000000000
98;11740,000000000000000000;11017,000000000000000000;11420,000000000000000000
99;11740,000000000000000000;11017,000000000000000000;11423,000000000000000000
100;11740,000000000000000000;11017,000000000000000000;11425,000000000000000000
101;11740,000000000000000000;11017,000000000000000000;11427,000000000000000000
102;11740,000000000000000000;11017,000000000000000000;11428,000000000000000000
103;11740,000000000000000000;11017,000000000000000000;11431,000000000000000000
104;11740,000000000000000000;11017,000000000000000000;11433,000000000000000000
105;11740,000000000000000000;11017,000000000000000000;11438,000000000000000000
106;11740,000000000000000000;11017,000000000000000000;11442,000000000000000000
107;11740,000000000000000000;11017,000000000000000000;11443,000000000000000000
108;11740,000000000000000000;11055,000000000000000000;11448,000000000000000000
109;11740,000000000000000000;11097,000000000000000000;11451,000000000000000000
110;11740,000000000000000000;11097,000000000000000000;11453,000000000000000000
111;11740,000000000000000000;11097,000000000000000000;11457,000000000000000000
112;11740,000000000000000000;11097,000000000000000000;11458,000000000000000000
113;11740,000000000000000000;11097,000000000000000000;11459,000000000000000000
114;11740,000000000000000000;11097,000000000000000000;11461,000000000000000000
115;11740,000000000000000000;11097,000000000000000000;11464,000000000000000000
116;11740,000000000000000000;11097,000000000000000000;11468,000000000000000000
117;11740,000000000000000000;11119,000000000000000000;11469,000000000000000000
118;11740,000000000000000000;11119,000000000000000000;11472,000000000000000000
119;11740,000000000000000000;11119,000000000000000000;11474,000000000000000000
120;11740,000000000000000000;11119,000000000000000000;11476,000000000000000000
121;11740,000000000000000000;11119,000000000000000000;11477,000000000000000000
122;11740,000000000000000000;11119,000000000000000000;11480,000000000000000000
123;11740,000000000000000000;11119,000000000000000000;11481,000000000000000000
124;11740,000000000000000000;11119,000000000000000000;11483,000000000000000000
125;11740,000000000000000000;11119,000000000000000000;11484,000000000000000000
126;11740,000000000000000000;11119,000000000000000000;11487,000000000000000000
127;11740,000000000000000000;11119,000000000000000000;11490,000000000000000000
128;11740,000000000000000000;11119,000000000000000000;11492,000000000000000000
129;11740,000000000000000000;11119,000000000000000000;11493,000000000000000000
130;11740,000000000000000000;11119,000000000000000000;11495,000000000000000000
131;11740,000000000000000000;11119,000000000000000000;11497,000000000000000000
132;11740,000000000000000000;11119,000000000000000000;11497,000000000000000000
133;11740,000000000000000000;11119,000000000000000000;11499,000000000000000000
134;11740,000000000000000000;11119,000000000000000000;11500,000000000000000000
135;11740,000000000000000000;11119,000000000000000000;11501,000000000000000000
136;11740,000000000000000000;11119,000000000000000000;11503,000000000000000000
137;11740,000000000000000000;11119,000000000000000000;11503,000000000000000000
138;11740,000000000000000000;11119,000000000000000000;11504,000000000000000000
139;11740,000000000000000000;11119,000000000000000000;11506,000000000000000000
140;11740,000000000000000000;11119,000000000000000000;11507,000000000000000000
141;11740,000000000000000000;11119,000000000000000000;11509,000000000000000000
142;11766,000000000000000000;11119,000000000000000000;11512,000000000000000000
143;11766,000000000000000000;11119,000000000000000000;11514,000000000000000000
144;11766,000000000000000000;11119,000000000000000000;11515,000000000000000000
145;11766,000000000000000000;11119,000000000000000000;11516,000000000000000000
146;11766,000000000000000000;11119,000000000000000000;11518,000000000000000000
147;11766,000000000000000000;11119,000000000000000000;11520,000000000000000000
148;11766,000000000000000000;11119,000000000000000000;11522,000000000000000000
149;11766,000000000000000000;11119,000000000000000000;11523,000000000000000000
150;11766,000000000000000000;11119,000000000000000000;11525,000000000000000000
151;11766,000000000000000000;11119,000000000000000000;11527,000000000000000000
152;11766,000000000000000000;11119,000000000000000000;11529,000000000000000000
153;11766,000000000000000000;11119,000000000000000000;11531,000000000000000000
154;11766,000000000000000000;11119,000000000000000000;11534,000000000000000000
155;11766,000000000000000000;11119,000000000000000000;11535,000000000000000000
156;11766,000000000000000000;11119,000000000000000000;11536,000000000000000000
157;11766,000000000000000000;11119,000000000000000000;11539,000000000000000000
158;11766,000000000000000000;11119,000000000000000000;11540,000000000000000000
159;11766,000000000000000000;11119,000000000000000000;11541,000000000000000000
160;11766,000000000000000000;11119,000000000000000000;11541,000000000000000000
161;11766,000000000000000000;11119,000000000000000000;11542,000000000000000000
162;11766,000000000000000000;11119,000000000000000000;11544,000000000000000000
163;11766,000000000000000000;11119,000000000000000000;11545,000000000000000000
164;11766,000000000000000000;11119,000000000000000000;11547,000000000000000000
165;11766,000000000000000000;11119,000000000000000000;11550,000000000000000000
166;11766,000000000000000000;11119,000000000000000000;11552,000000000000000000
167;11766,000000000000000000;11119,000000000000000000;11552,000000000000000000
168;11766,000000000000000000;11119,000000000000000000;11553,000000000000000000
169;11766,000000000000000000;11119,000000000000000000;11554,000000000000000000
170;11766,000000000000000000;11178,000000000000000000;11555,000000000000000000
171;11766,000000000000000000;11178,000000000000000000;11556,000000000000000000
172;11766,000000000000000000;11178,000000000000000000;11557,000000000000000000
173;11766,000000000000000000;11207,000000000000000000;11559,000000000000000000
174;11766,000000000000000000;11207,000000000000000000;11560,000000000000000000
175;11766,000000000000000000;11207,000000000000000000;11561,000000000000000000
176;11766,000000000000000000;11207,000000000000000000;11563,000000000000000000
177;11766,000000000000000000;11207,000000000000000000;11565,000000000000000000
178;11766,000000000000000000;11207,000000000000000000;11566,000000000000000000
179;11766,000000000000000000;11207,000000000000000000;11566,000000000000000000
180;11766,000000000000000000;11207,000000000000000000;11568,000000000000000000
181;11766,000000000000000000;11207,000000000000000000;11569,000000000000000000
182;11766,000000000000000000;11207,000000000000000000;11570,000000000000000000
183;11766,000000000000000000;11207,000000000000000000;11571,000000000000000000
184;11766,000000000000000000;11207,000000000000000000;11572,000000000000000000
185;11766,000000000000000000;11207,000000000000000000;11573,000000000000000000
186;11766,000000000000000000;11207,000000000000000000;11574,000000000000000000
187;11766,000000000000000000;11207,000000000000000000;11574,000000000000000000
188;11832,000000000000000000;11207,000000000000000000;11576,000000000000000000
189;11832,000000000000000000;11207,000000000000000000;11577,000000000000000000
190;11832,000000000000000000;11207,000000000000000000;11580,000000000000000000
191;11832,000000000000000000;11207,000000000000000000;11580,000000000000000000
192;11832,000000000000000000;11207,000000000000000000;11582,000000000000000000
193;11832,000000000000000000;11207,000000000000000000;11582,000000000000000000
194;11832,000000000000000000;11207,000000000000000000;11584,000000000000000000
195;11832,000000000000000000;11207,000000000000000000;11584,000000000000000000
196;11832,000000000000000000;11207,000000000000000000;11585,000000000000000000
197;11832,000000000000000000;11207,000000000000000000;11587,000000000000000000
198;11832,000000000000000000;11207,000000000000000000;11588,000000000000000000
199;11832,000000000000000000;11207,000000000000000000;11590,000000000000000000
200;11832,000000000000000000;11207,000000000000000000;11591,000000000000000000
201;11832,000000000000000000;11207,000000000000000000;11592,000000000000000000
202;11832,000000000000000000;11207,000000000000000000;11594,000000000000000000
203;11832,000000000000000000;11207,000000000000000000;11595,000000000000000000
204;11832,000000000000000000;11207,000000000000000000;11595,000000000000000000
205;11832,000000000000000000;11207,000000000000000000;11595,000000000000000000
206;11832,000000000000000000;11207,000000000000000000;11597,000000000000000000
207;11832,000000000000000000;11207,000000000000000000;11598,000000000000000000
208;11832,000000000000000000;11207,000000000000000000;11599,000000000000000000
209;11832,000000000000000000;11207,000000000000000000;11599,000000000000000000
210;11832,000000000000000000;11207,000000000000000000;11600,000000000000000000
211;11832,000000000000000000;11207,000000000000000000;11601,000000000000000000
212;11832,000000000000000000;11207,000000000000000000;11601,000000000000000000
213;11832,000000000000000000;11207,000000000000000000;11602,000000000000000000
214;11832,000000000000000000;11207,000000000000000000;11602,000000000000000000
215;11832,000000000000000000;11207,000000000000000000;11603,000000000000000000
216;11832,000000000000000000;11207,000000000000000000;11603,000000000000000000
217;11832,000000000000000000;11207,000000000000000000;11605,000000000000000000
218;11832,000000000000000000;11207,000000000000000000;11606,000000000000000000
219;11832,000000000000000000;11207,000000000000000000;11607,000000000000000000
220;11832,000000000000000000;11207,000000000000000000;11608,000000000000000000
221;11832,000000000000000000;11207,000000000000000000;11608,000000000000000000
222;11832,000000000000000000;11207,000000000000000000;11609,000000000000000000
223;11832,000000000000000000;11207,000000000000000000;11610,000000000000000000
224;11832,000000000000000000;11207,000000000000000000;11611,000000000000000000
225;11832,000000000000000000;11207,000000000000000000;11612,000000000000000000
226;11832,000000000000000000;11207,000000000000000000;11613,000000000000000000
227;11832,000000000000000000;11207,000000000000000000;11613,000000000000000000
228;11832,000000000000000000;11207,000000000000000000;11614,000000000000000000
229;11832,000000000000000000;11207,000000000000000000;11616,000000000000000000
230;11832,000000000000000000;11207,000000000000000000;11617,000000000000000000
231;11832,000000000000000000;11207,000000000000000000;11618,000000000000000000
232;11832,000000000000000000;11207,000000000000000000;11619,000000000000000000
233;11832,000000000000000000;11207,000000000000000000;11619,000000000000000000
234;11832,000000000000000000;11207,000000000000000000;11620,000000000000000000
235;11832,000000000000000000;11207,000000000000000000;11621,000000000000000000
236;11832,000000000000000000;11207,000000000000000000;11621,000000000000000000
237;11911,000000000000000000;11207,000000000000000000;11623,000000000000000000
238;11911,000000000000000000;11207,000000000000000000;11624,000000000000000000
239;11911,000000000000000000;11207,000000000000000000;11624,000000000000000000
240;11911,000000000000000000;11207,000000000000000000;11624,000000000000000000
241;11911,000000000000000000;11207,000000000000000000;11624,000000000000000000
242;11911,000000000000000000;11207,000000000000000000;11625,000000000000000000
243;11911,000000000000000000;11207,000000000000000000;11625,000000000000000000
244;11911,000000000000000000;11207,000000000000000000;11625,000000000000000000
245;11911,000000000000000000;11207,000000000000000000;11625,000000000000000000
246;11911,000000000000000000;11207,000000000000000000;11626,000000000000000000
247;11911,000000000000000000;11207,000000000000000000;11627,000000000000000000
248;11911,000000000000000000;11207,000000000000000000;11627,000000000000000000
249;11911,000000000000000000;11207,000000000000000000;11627,000000000000000000
250;11911,000000000000000000;11207,000000000000000000;11628,000000000000000000
251;11911,000000000000000000;11337,000000000000000000;11629,000000000000000000
252;11911,000000000000000000;11337,000000000000000000;11629,000000000000000000
253;11911,000000000000000000;11337,000000000000000000;11630,000000000000000000
254;11911,000000000000000000;11337,000000000000000000;11630,000000000000000000
255;11911,000000000000000000;11337,000000000000000000;11631,000000000000000000
256;11911,000000000000000000;11337,000000000000000000;11632,000000000000000000
257;11911,000000000000000000;11337,000000000000000000;11632,000000000000000000
258;11911,000000000000000000;11337,000000000000000000;11633,000000000000000000
259;11911,000000000000000000;11337,000000000000000000;11633,000000000000000000
260;11911,000000000000000000;11337,000000000000000000;11634,000000000000000000
261;11911,000000000000000000;11337,000000000000000000;11636,000000000000000000
262;11911,000000000000000000;11337,000000000000000000;11636,000000000000000000
263;11911,000000000000000000;11337,000000000000000000;11636,000000000000000000
264;11911,000000000000000000;11337,000000000000000000;11637,000000000000000000
265;11911,000000000000000000;11337,000000000000000000;11638,000000000000000000
266;11911,000000000000000000;11337,000000000000000000;11640,000000000000000000
267;11911,000000000000000000;11337,000000000000000000;11640,000000000000000000
268;11911,000000000000000000;11337,000000000000000000;11641,000000000000000000
269;11911,000000000000000000;11337,000000000000000000;11642,000000000000000000
270;11911,000000000000000000;11337,000000000000000000;11642,000000000000000000
271;11911,000000000000000000;11337,000000000000000000;11642,000000000000000000
272;11911,000000000000000000;11337,000000000000000000;11645,000000000000000000
273;11911,000000000000000000;11337,000000000000000000;11645,000000000000000000
274;11911,000000000000000000;11337,000000000000000000;11646,000000000000000000
275;11911,000000000000000000;11337,000000000000000000;11647,000000000000000000
276;11911,000000000000000000;11337,000000000000000000;11647,000000000000000000
277;11911,000000000000000000;11337,000000000000000000;11648,000000000000000000
278;11911,000000000000000000;11371,000000000000000000;11650,000000000000000000
279;11911,000000000000000000;11371,000000000000000000;11651,000000000000000000
280;11911,000000000000000000;11371,000000000000000000;11653,000000000000000000
281;11911,000000000000000000;11400,000000000000000000;11654,000000000000000000
282;11911,000000000000000000;11400,000000000000000000;11654,000000000000000000
283;11911,000000000000000000;11400,000000000000000000;11655,000000000000000000
284;11911,000000000000000000;11400,000000000000000000;11656,000000000000000000
285;11911,000000000000000000;11400,000000000000000000;11656,000000000000000000
286;11911,000000000000000000;11400,000000000000000000;11657,000000000000000000
287;11911,000000000000000000;11400,000000000000000000;11659,000000000000000000
288;11911,000000000000000000;11400,000000000000000000;11659,000000000000000000
289;11911,000000000000000000;11400,000000000000000000;11659,000000000000000000
290;11911,000000000000000000;11400,000000000000000000;11660,000000000000000000
291;11911,000000000000000000;11400,000000000000000000;11660,000000000000000000
292;11911,000000000000000000;11400,000000000000000000;11660,000000000000000000
293;11911,000000000000000000;11400,000000000000000000;11660,000000000000000000
294;11911,000000000000000000;11400,000000000000000000;11660,000000000000000000
295;11911,000000000000000000;11400,000000000000000000;11661,000000000000000000
296;11911,000000000000000000;11400,000000000000000000;11662,000000000000000000
297;11911,000000000000000000;11400,000000000000000000;11663,000000000000000000
298;11911,000000000000000000;11400,000000000000000000;11664,000000000000000000
299;11911,000000000000000000;11400,000000000000000000;11665,000000000000000000
300;11911,000000000000000000;11400,000000000000000000;11665,000000000000000000
301;11911,000000000000000000;11400,000000000000000000;11666,000000000000000000
302;11911,000000000000000000;11400,000000000000000000;11666,000000000000000000
303;11911,000000000000000000;11400,000000000000000000;11667,000000000000000000
304;11911,000000000000000000;11400,000000000000000000;11667,000000000000000000
305;11911,000000000000000000;11400,000000000000000000;11667,000000000000000000
306;11911,000000000000000000;11400,000000000000000000;11669,000000000000000000
307;11911,000000000000000000;11400,000000000000000000;11669,000000000000000000
308;11911,000000000000000000;11400,000000000000000000;11670,000000000000000000
309;11911,000000000000000000;11400,000000000000000000;11670,000000000000000000
310;11911,000000000000000000;11400,000000000000000000;11671,000000000000000000
311;11911,000000000000000000;11400,000000000000000000;11671,000000000000000000
312;11911,000000000000000000;11400,000000000000000000;11672,000000000000000000
313;11911,000000000000000000;11400,000000000000000000;11672,000000000000000000
314;11911,000000000000000000;11400,000000000000000000;11673,000000000000000000
315;11911,000000000000000000;11400,000000000000000000;11673,000000000000000000
316;11911,000000000000000000;11400,000000000000000000;11674,000000000000000000
317;11911,000000000000000000;11400,000000000000000000;11674,000000000000000000
318;11911,000000000000000000;11400,000000000000000000;11675,000000000000000000
319;11911,000000000000000000;11400,000000000000000000;11675,000000000000000000
320;11911,000000000000000000;11400,000000000000000000;11675,000000000000000000
321;11911,000000000000000000;11400,000000000000000000;11677,000000000000000000
322;11911,000000000000000000;11400,000000000000000000;11677,000000000000000000
323;11911,000000000000000000;11400,000000000000000000;11678,000000000000000000
324;11911,000000000000000000;11400,000000000000000000;11678,000000000000000000
325;11911,000000000000000000;11400,000000000000000000;11678,000000000000000000
326;11911,000000000000000000;11400,000000000000000000;11679,000000000000000000
327;11911,000000000000000000;11400,000000000000000000;11680,000000000000000000
328;11911,000000000000000000;11400,000000000000000000;11680,000000000000000000
329;11911,000000000000000000;11400,000000000000000000;11680,000000000000000000
330;11911,000000000000000000;11400,000000000000000000;11681,000000000000000000
331;11911,000000000000000000;11400,000000000000000000;11682,000000000000000000
332;11911,000000000000000000;11400,000000000000000000;11683,000000000000000000
333;11911,000000000000000000;11400,000000000000000000;11684,000000000000000000
334;11911,000000000000000000;11400,000000000000000000;11684,000000000000000000
335;11911,000000000000000000;11400,000000000000000000;11685,000000000000000000
336;11911,000000000000000000;11400,000000000000000000;11685,000000000000000000
337;11911,000000000000000000;11400,000000000000000000;11685,000000000000000000
338;11911,000000000000000000;11400,000000000000000000;11686,000000000000000000
339;11911,000000000000000000;11400,000000000000000000;11686,000000000000000000
340;11911,000000000000000000;11400,000000000000000000;11686,000000000000000000
341;11911,000000000000000000;11400,000000000000000000;11686,000000000000000000
342;11911,000000000000000000;11400,000000000000000000;11687,000000000000000000
343;11911,000000000000000000;11400,000000000000000000;11688,000000000000000000
344;11911,000000000000000000;11400,000000000000000000;11688,000000000000000000
345;11911,000000000000000000;11400,000000000000000000;11688,000000000000000000
346;11911,000000000000000000;11400,000000000000000000;11689,000000000000000000
347;11911,000000000000000000;11400,000000000000000000;11689,000000000000000000
348;11911,000000000000000000;11400,000000000000000000;11689,000000000000000000
349;11911,000000000000000000;11400,000000000000000000;11690,000000000000000000
350;11911,000000000000000000;11400,000000000000000000;11691,000000000000000000
351;11911,000000000000000000;11400,000000000000000000;11691,000000000000000000
352;11911,000000000000000000;11400,000000000000000000;11692,000000000000000000
353;11911,000000000000000000;11400,000000000000000000;11693,000000000000000000
354;11911,000000000000000000;11400,000000000000000000;11694,000000000000000000
355;11911,000000000000000000;11400,000000000000000000;11696,000000000000000000
356;11911,000000000000000000;11400,000000000000000000;11697,000000000000000000
357;11911,000000000000000000;11400,000000000000000000;11697,000000000000000000
358;11911,000000000000000000;11400,000000000000000000;11698,000000000000000000
359;11911,000000000000000000;11400,000000000000000000;11699,000000000000000000
360;11911,000000000000000000;11400,000000000000000000;11699,000000000000000000
361;11911,000000000000000000;11400,000000000000000000;11700,000000000000000000
362;11911,000000000000000000;11400,000000000000000000;11700,000000000000000000
363;11911,000000000000000000;11400,000000000000000000;11700,000000000000000000
364;11911,000000000000000000;11400,000000000000000000;11701,000000000000000000
365;11911,000000000000000000;11400,000000000000000000;11701,000000000000000000
366;11911,000000000000000000;11400,000000000000000000;11701,000000000000000000
367;11911,000000000000000000;11400,000000000000000000;11701,000000000000000000
368;11911,000000000000000000;11400,000000000000000000;11702,000000000000000000
369;11911,000000000000000000;11400,000000000000000000;11703,000000000000000000
370;11911,000000000000000000;11400,000000000000000000;11703,000000000000000000
371;11911,000000000000000000;11400,000000000000000000;11704,000000000000000000
372;11911,000000000000000000;11400,000000000000000000;11704,000000000000000000
373;11911,000000000000000000;11400,000000000000000000;11704,000000000000000000
374;11911,000000000000000000;11400,000000000000000000;11704,000000000000000000
375;11911,000000000000000000;11400,000000000000000000;11704,000000000000000000
376;11911,000000000000000000;11400,000000000000000000;11704,000000000000000000
377;11911,000000000000000000;11400,000000000000000000;11704,000000000000000000
378;11911,000000000000000000;11400,000000000000000000;11704,000000000000000000
379;11911,000000000000000000;11400,000000000000000000;11704,000000000000000000
380;11911,000000000000000000;11400,000000000000000000;11704,000000000000000000
381;11911,000000000000000000;11400,000000000000000000;11705,000000000000000000
382;11911,000000000000000000;11400,000000000000000000;11705,000000000000000000
383;11911,000000000000000000;11400,000000000000000000;11705,000000000000000000
384;11911,000000000000000000;11400,000000000000000000;11706,000000000000000000
385;11911,000000000000000000;11400,000000000000000000;11706,000000000000000000
386;11911,000000000000000000;11400,000000000000000000;11707,000000000000000000
387;11911,000000000000000000;11400,000000000000000000;11707,000000000000000000
388;11911,000000000000000000;11400,000000000000000000;11707,000000000000000000
389;11911,000000000000000000;11400,000000000000000000;11707,000000000000000000
390;11911,000000000000000000;11400,000000000000000000;11708,000000000000000000
391;11911,000000000000000000;11400,000000000000000000;11708,000000000000000000
392;11911,000000000000000000;11400,000000000000000000;11709,000000000000000000
393;11911,000000000000000000;11400,000000000000000000;11709,000000000000000000
394;11911,000000000000000000;11400,000000000000000000;11709,000000000000000000
395;11911,000000000000000000;11400,000000000000000000;11710,000000000000000000
396;11911,000000000000000000;11400,000000000000000000;11711,000000000000000000
397;11911,000000000000000000;11400,000000000000000000;11711,000000000000000000
398;11911,000000000000000000;11400,000000000000000000;11711,000000000000000000
399;11911,000000000000000000;11400,000000000000000000;11711,000000000000000000
400;11911,000000000000000000;11400,000000000000000000;11711,000000000000000000
401;11911,000000000000000000;11400,000000000000000000;11712,000000000000000000
402;11911,000000000000000000;11400,000000000000000000;11712,000000000000000000
403;11911,000000000000000000;11400,000000000000000000;11712,000000000000000000
404;11911,000000000000000000;11400,000000000000000000;11712,000000000000000000
405;11911,000000000000000000;11400,000000000000000000;11713,000000000000000000
406;11911,000000000000000000;11400,000000000000000000;11713,000000000000000000
407;11911,000000000000000000;11400,000000000000000000;11714,000000000000000000
408;11911,000000000000000000;11400,000000000000000000;11714,000000000000000000
409;11911,000000000000000000;11400,000000000000000000;11714,000000000000000000
410;11911,000000000000000000;11400,000000000000000000;11715,000000000000000000
411;11911,000000000000000000;11400,000000000000000000;11715,000000000000000000
412;11911,000000000000000000;11400,000000000000000000;11715,000000000000000000
413;11911,000000000000000000;11400,000000000000000000;11715,000000000000000000
414;11911,000000000000000000;11400,000000000000000000;11715,000000000000000000
415;11911,000000000000000000;11400,000000000000000000;11715,000000000000000000
416;11911,000000000000000000;11400,000000000000000000;11715,000000000000000000
417;11911,000000000000000000;11400,000000000000000000;11715,000000000000000000
418;11911,000000000000000000;11400,000000000000000000;11716,000000000000000000
419;11911,000000000000000000;11400,000000000000000000;11716,000000000000000000
420;11911,000000000000000000;11400,000000000000000000;11717,000000000000000000
421;11911,000000000000000000;11400,000000000000000000;11717,000000000000000000
422;11911,000000000000000000;11400,000000000000000000;11718,000000000000000000
423;11911,000000000000000000;11400,000000000000000000;11718,000000000000000000
424;11911,000000000000000000;11400,000000000000000000;11718,000000000000000000
425;11911,000000000000000000;11400,000000000000000000;11718,000000000000000000
426;11911,000000000000000000;11400,000000000000000000;11718,000000000000000000
427;11911,000000000000000000;11400,000000000000000000;11719,000000000000000000
428;11911,000000000000000000;11400,000000000000000000;11720,000000000000000000
429;11911,000000000000000000;11400,000000000000000000;11720,000000000000000000
430;11911,000000000000000000;11400,000000000000000000;11720,000000000000000000
431;11911,000000000000000000;11400,000000000000000000;11720,000000000000000000
432;11911,000000000000000000;11400,000000000000000000;11720,000000000000000000
433;11911,000000000000000000;11400,000000000000000000;11721,000000000000000000
434;11911,000000000000000000;11400,000000000000000000;11721,000000000000000000
435;11911,000000000000000000;11400,000000000000000000;11721,000000000000000000
436;11911,000000000000000000;11400,000000000000000000;11721,000000000000000000
437;11911,000000000000000000;11400,000000000000000000;11721,000000000000000000
438;11911,000000000000000000;11400,000000000000000000;11722,000000000000000000
439;11911,000000000000000000;11400,000000000000000000;11722,000000000000000000
440;11911,000000000000000000;11400,000000000000000000;11722,000000000000000000
441;11911,000000000000000000;11400,000000000000000000;11722,000000000000000000
442;11911,000000000000000000;11400,000000000000000000;11723,000000000000000000
443;11911,000000000000000000;11400,000000000000000000;11724,000000000000000000
444;12006,000000000000000000;11400,000000000000000000;11724,000000000000000000
445;12006,000000000000000000;11400,000000000000000000;11725,000000000000000000
446;12006,000000000000000000;11400,000000000000000000;11725,000000000000000000
447;12006,000000000000000000;11400,000000000000000000;11725,000000000000000000
448;12006,000000000000000000;11400,000000000000000000;11726,000000000000000000
449;12006,000000000000000000;11400,000000000000000000;11726,000000000000000000
450;12006,000000000000000000;11400,000000000000000000;11726,000000000000000000
451;12006,000000000000000000;11400,000000000000000000;11727,000000000000000000
452;12006,000000000000000000;11400,000000000000000000;11728,000000000000000000
453;12006,000000000000000000;11400,000000000000000000;11728,000000000000000000
454;12006,000000000000000000;11400,000000000000000000;11728,000000000000000000
455;12006,000000000000000000;11400,000000000000000000;11728,000000000000000000
456;12006,000000000000000000;11400,000000000000000000;11728,000000000000000000
457;12006,000000000000000000;11419,000000000000000000;11729,000000000000000000
458;12006,000000000000000000;11419,000000000000000000;11729,000000000000000000
459;12006,000000000000000000;11419,000000000000000000;11730,000000000000000000
460;12006,000000000000000000;11419,000000000000000000;11731,000000000000000000
461;12006,000000000000000000;11419,000000000000000000;11731,000000000000000000
462;12006,000000000000000000;11419,000000000000000000;11732,000000000000000000
463;12006,000000000000000000;11419,000000000000000000;11732,000000000000000000
464;12006,000000000000000000;11419,000000000000000000;11732,000000000000000000
465;12006,000000000000000000;11419,000000000000000000;11733,000000000000000000
466;12006,000000000000000000;11419,000000000000000000;11733,000000000000000000
467;12006,000000000000000000;11419,000000000000000000;11734,000000000000000000
468;12006,000000000000000000;11419,000000000000000000;11734,000000000000000000
469;12006,000000000000000000;11419,000000000000000000;11734,000000000000000000
470;12006,000000000000000000;11419,000000000000000000;11734,000000000000000000
471;12006,000000000000000000;11419,000000000000000000;11735,000000000000000000
472;12006,000000000000000000;11419,000000000000000000;11735,000000000000000000
473;12006,000000000000000000;11419,000000000000000000;11735,000000000000000000
474;12006,000000000000000000;11419,000000000000000000;11735,000000000000000000
475;12006,000000000000000000;11419,000000000000000000;11735,000000000000000000
476;12006,000000000000000000;11419,000000000000000000;11735,000000000000000000
477;12006,000000000000000000;11419,000000000000000000;11735,000000000000000000
478;12006,000000000000000000;11419,000000000000000000;11736,000000000000000000
479;12006,000000000000000000;11419,000000000000000000;11736,000000000000000000
480;12006,000000000000000000;11419,000000000000000000;11737,000000000000000000
481;12006,000000000000000000;11419,000000000000000000;11738,000000000000000000
482;12006,000000000000000000;11419,000000000000000000;11738,000000000000000000
483;12006,000000000000000000;11419,000000000000000000;11738,000000000000000000
484;12006,000000000000000000;11419,000000000000000000;11738,000000000000000000
485;12006,000000000000000000;11419,000000000000000000;11740,000000000000000000
486;12006,000000000000000000;11419,000000000000000000;11740,000000000000000000
487;12006,000000000000000000;11419,000000000000000000;11740,000000000000000000
488;12006,000000000000000000;11419,000000000000000000;11741,000000000000000000
489;12006,000000000000000000;11419,000000000000000000;11742,000000000000000000
490;12006,000000000000000000;11419,000000000000000000;11742,000000000000000000
491;12006,000000000000000000;11419,000000000000000000;11742,000000000000000000
492;12006,000000000000000000;11419,000000000000000000;11743,000000000000000000
493;12006,000000000000000000;11419,000000000000000000;11743,000000000000000000
494;12006,000000000000000000;11419,000000000000000000;11743,000000000000000000
495;12006,000000000000000000;11419,000000000000000000;11744,000000000000000000
496;12006,000000000000000000;11419,000000000000000000;11744,000000000000000000
497;12006,000000000000000000;11419,000000000000000000;11744,000000000000000000
498;12006,000000000000000000;11419,000000000000000000;11745,000000000000000000
499;12006,000000000000000000;11419,000000000000000000;11746,000000000000000000
500;12006,000000000000000000;11419,000000000000000000;11746,000000000000000000
501;12006,000000000000000000;11419,000000000000000000;11746,000000000000000000
502;12006,000000000000000000;11419,000000000000000000;11747,000000000000000000
503;12006,000000000000000000;11419,000000000000000000;11748,000000000000000000
504;12006,000000000000000000;11419,000000000000000000;11748,000000000000000000
505;12006,000000000000000000;11419,000000000000000000;11748,000000000000000000
506;12006,000000000000000000;11419,000000000000000000;11749,000000000000000000
507;12006,000000000000000000;11419,000000000000000000;11750,000000000000000000
508;12006,000000000000000000;11419,000000000000000000;11750,000000000000000000
509;12006,000000000000000000;11419,000000000000000000;11751,000000000000000000
510;12006,000000000000000000;11419,000000000000000000;11751,000000000000000000
511;12006,000000000000000000;11419,000000000000000000;11751,000000000000000000
512;12006,000000000000000000;11419,000000000000000000;11752,000000000000000000
513;12006,000000000000000000;11419,000000000000000000;11752,000000000000000000
514;12006,000000000000000000;11419,000000000000000000;11753,000000000000000000
515;12006,000000000000000000;11419,000000000000000000;11753,000000000000000000
516;12006,000000000000000000;11419,000000000000000000;11753,000000000000000000
517;12006,000000000000000000;11419,000000000000000000;11754,000000000000000000
518;12006,000000000000000000;11419,000000000000000000;11754,000000000000000000
519;12006,000000000000000000;11531,000000000000000000;11754,000000000000000000
520;12006,000000000000000000;11531,000000000000000000;11755,000000000000000000
521;12006,000000000000000000;11531,000000000000000000;11755,000000000000000000
522;12006,000000000000000000;11531,000000000000000000;11756,000000000000000000
523;12006,000000000000000000;11531,000000000000000000;11757,000000000000000000
524;12006,000000000000000000;11531,000000000000000000;11757,000000000000000000
525;12006,000000000000000000;11531,000000000000000000;11757,000000000000000000
526;12006,000000000000000000;11531,000000000000000000;11757,000000000000000000
527;12006,000000000000000000;11531,000000000000000000;11757,000000000000000000
528;12006,000000000000000000;11531,000000000000000000;11758,000000000000000000
529;12006,000000000000000000;11531,000000000000000000;11758,000000000000000000
530;12006,000000000000000000;11531,000000000000000000;11758,000000000000000000
531;12006,000000000000000000;11531,000000000000000000;11758,000000000000000000
532;12006,000000000000000000;11531,000000000000000000;11758,000000000000000000
533;12006,000000000000000000;11531,000000000000000000;11759,000000000000000000
534;12006,000000000000000000;11531,000000000000000000;11759,000000000000000000
535;12006,000000000000000000;11531,000000000000000000;11759,000000000000000000
536;12006,000000000000000000;11531,000000000000000000;11760,000000000000000000
537;12006,000000000000000000;11531,000000000000000000;11760,000000000000000000
538;12006,000000000000000000;11531,000000000000000000;11761,000000000000000000
539;12006,000000000000000000;11531,000000000000000000;11761,000000000000000000
540;12006,000000000000000000;11531,000000000000000000;11762,000000000000000000
541;12006,000000000000000000;11531,000000000000000000;11762,000000000000000000
542;12006,000000000000000000;11531,000000000000000000;11762,000000000000000000
543;12006,000000000000000000;11531,000000000000000000;11762,000000000000000000
544;12006,000000000000000000;11531,000000000000000000;11762,000000000000000000
545;12006,000000000000000000;11531,000000000000000000;11763,000000000000000000
546;12006,000000000000000000;11531,000000000000000000;11763,000000000000000000
547;12006,000000000000000000;11531,000000000000000000;11763,000000000000000000
548;12006,000000000000000000;11531,000000000000000000;11763,000000000000000000
549;12006,000000000000000000;11531,000000000000000000;11764,000000000000000000
550;12006,000000000000000000;11531,000000000000000000;11764,000000000000000000
551;12006,000000000000000000;11531,000000000000000000;11765,000000000000000000
552;12006,000000000000000000;11531,000000000000000000;11765,000000000000000000
553;12006,000000000000000000;11531,000000000000000000;11765,000000000000000000
554;12006,000000000000000000;11531,000000000000000000;11765,000000000000000000
555;12006,000000000000000000;11531,000000000000000000;11765,000000000000000000
556;12006,000000000000000000;11531,000000000000000000;11765,000000000000000000
557;12006,000000000000000000;11531,000000000000000000;11766,000000000000000000
558;12006,000000000000000000;11531,000000000000000000;11766,000000000000000000
559;12006,000000000000000000;11531,000000000000000000;11767,000000000000000000
560;12006,000000000000000000;11531,000000000000000000;11767,000000000000000000
561;12006,000000000000000000;11531,000000000000000000;11767,000000000000000000
562;12006,000000000000000000;11531,000000000000000000;11768,000000000000000000
563;12006,000000000000000000;11531,000000000000000000;11768,000000000000000000
564;12006,000000000000000000;11531,000000000000000000;11768,000000000000000000
565;12006,000000000000000000;11531,000000000000000000;11769,000000000000000000
566;12006,000000000000000000;11531,000000000000000000;11769,000000000000000000
567;12006,000000000000000000;11531,000000000000000000;11770,000000000000000000
568;12006,000000000000000000;11531,000000000000000000;11771,000000000000000000
569;12006,000000000000000000;11531,000000000000000000;11771,000000000000000000
570;12006,000000000000000000;11531,000000000000000000;11771,000000000000000000
571;12006,000000000000000000;11531,000000000000000000;11772,000000000000000000
572;12006,000000000000000000;11531,000000000000000000;11772,000000000000000000
573;12006,000000000000000000;11531,000000000000000000;11773,000000000000000000
574;12006,000000000000000000;11531,000000000000000000;11773,000000000000000000
575;12006,000000000000000000;11531,000000000000000000;11773,000000000000000000
576;12006,000000000000000000;11531,000000000000000000;11773,000000000000000000
577;12006,000000000000000000;11531,000000000000000000;11774,000000000000000000
578;12006,000000000000000000;11531,000000000000000000;11774,000000000000000000
579;12006,000000000000000000;11531,000000000000000000;11775,000000000000000000
580;12006,000000000000000000;11531,000000000000000000;11776,000000000000000000
581;12006,000000000000000000;11531,000000000000000000;11777,000000000000000000
582;12006,000000000000000000;11531,000000000000000000;11778,000000000000000000
583;12006,000000000000000000;11531,000000000000000000;11779,000000000000000000
584;12006,000000000000000000;11531,000000000000000000;11780,000000000000000000
585;12006,000000000000000000;11531,000000000000000000;11780,000000000000000000
586;12006,000000000000000000;11531,000000000000000000;11781,000000000000000000
587;12006,000000000000000000;11618,000000000000000000;11782,000000000000000000
588;12006,000000000000000000;11618,000000000000000000;11782,000000000000000000
589;12006,000000000000000000;11618,000000000000000000;11782,000000000000000000
590;12006,000000000000000000;11618,000000000000000000;11782,000000000000000000
591;12006,000000000000000000;11618,000000000000000000;11782,000000000000000000
592;12006,000000000000000000;11618,000000000000000000;11782,000000000000000000
593;12006,000000000000000000;11618,000000000000000000;11782,000000000000000000
594;12006,000000000000000000;11618,000000000000000000;11782,000000000000000000
595;12006,000000000000000000;11618,000000000000000000;11783,000000000000000000
596;12006,000000000000000000;11618,000000000000000000;11783,000000000000000000
597;12006,000000000000000000;11618,000000000000000000;11785,000000000000000000
598;12006,000000000000000000;11618,000000000000000000;11785,000000000000000000
599;12006,000000000000000000;11618,000000000000000000;11785,000000000000000000
600;12006,000000000000000000;11618,000000000000000000;11785,000000000000000000
601;12006,000000000000000000;11618,000000000000000000;11785,000000000000000000
602;12006,000000000000000000;11618,000000000000000000;11785,000000000000000000
603;12006,000000000000000000;11618,000000000000000000;11786,000000000000000000
604;12006,000000000000000000;11618,000000000000000000;11786,000000000000000000
605;12006,000000000000000000;11618,000000000000000000;11786,000000000000000000
606;12006,000000000000000000;11618,000000000000000000;11786,000000000000000000
607;12006,000000000000000000;11618,000000000000000000;11787,000000000000000000
608;12006,000000000000000000;11618,000000000000000000;11787,000000000000000000
609;12006,000000000000000000;11618,000000000000000000;11788,000000000000000000
610;12006,000000000000000000;11618,000000000000000000;11788,000000000000000000
611;12006,000000000000000000;11618,000000000000000000;11788,000000000000000000
612;12006,000000000000000000;11618,000000000000000000;11788,000000000000000000
613;12006,000000000000000000;11618,000000000000000000;11789,000000000000000000
614;12006,000000000000000000;11618,000000000000000000;11789,000000000000000000
615;12006,000000000000000000;11618,000000000000000000;11789,000000000000000000
616;12006,000000000000000000;11618,000000000000000000;11789,000000000000000000
617;12006,000000000000000000;11618,000000000000000000;11790,000000000000000000
618;12006,000000000000000000;11624,000000000000000000;11791,000000000000000000
619;12006,000000000000000000;11624,000000000000000000;11791,000000000000000000
620;12006,000000000000000000;11624,000000000000000000;11792,000000000000000000
621;12006,000000000000000000;11624,000000000000000000;11792,000000000000000000
622;12006,000000000000000000;11624,000000000000000000;11792,000000000000000000
623;12006,000000000000000000;11624,000000000000000000;11793,000000000000000000
624;12006,000000000000000000;11624,000000000000000000;11794,000000000000000000
625;12006,000000000000000000;11624,000000000000000000;11794,000000000000000000
626;12006,000000000000000000;11624,000000000000000000;11794,000000000000000000
627;12006,000000000000000000;11624,000000000000000000;11795,000000000000000000
628;12006,000000000000000000;11683,000000000000000000;11795,000000000000000000
629;12006,000000000000000000;11683,000000000000000000;11795,000000000000000000
630;12006,000000000000000000;11683,000000000000000000;11795,000000000000000000
631;12006,000000000000000000;11683,000000000000000000;11796,000000000000000000
632;12006,000000000000000000;11683,000000000000000000;11796,000000000000000000
633;12006,000000000000000000;11683,000000000000000000;11796,000000000000000000
634;12006,000000000000000000;11683,000000000000000000;11796,000000000000000000
635;12006,000000000000000000;11683,000000000000000000;11797,000000000000000000
636;12006,000000000000000000;11683,000000000000000000;11797,000000000000000000
637;12006,000000000000000000;11683,000000000000000000;11797,000000000000000000
638;12006,000000000000000000;11683,000000000000000000;11797,000000000000000000
639;12006,000000000000000000;11683,000000000000000000;11798,000000000000000000
640;12006,000000000000000000;11683,000000000000000000;11799,000000000000000000
641;12006,000000000000000000;11683,000000000000000000;11799,000000000000000000
642;12006,000000000000000000;11683,000000000000000000;11799,000000000000000000
643;12006,000000000000000000;11683,000000000000000000;11799,000000000000000000
644;12006,000000000000000000;11683,000000000000000000;11799,000000000000000000
645;12006,000000000000000000;11683,000000000000000000;11799,000000000000000000
646;12006,000000000000000000;11683,000000000000000000;11799,000000000000000000
647;12006,000000000000000000;11683,000000000000000000;11799,000000000000000000
648;12006,000000000000000000;11683,000000000000000000;11799,000000000000000000
649;12006,000000000000000000;11683,000000000000000000;11800,000000000000000000
650;12006,000000000000000000;11683,000000000000000000;11800,000000000000000000
651;12006,000000000000000000;11683,000000000000000000;11800,000000000000000000
652;12006,000000000000000000;11683,000000000000000000;11800,000000000000000000
653;12006,000000000000000000;11683,000000000000000000;11801,000000000000000000
654;12006,000000000000000000;11683,000000000000000000;11801,000000000000000000
655;12006,000000000000000000;11683,000000000000000000;11801,000000000000000000
656;12006,000000000000000000;11683,000000000000000000;11801,000000000000000000
657;12006,000000000000000000;11683,000000000000000000;11802,000000000000000000
658;12006,000000000000000000;11683,000000000000000000;11802,000000000000000000
659;12006,000000000000000000;11683,000000000000000000;11802,000000000000000000
660;12006,000000000000000000;11683,000000000000000000;11802,000000000000000000
661;12006,000000000000000000;11683,000000000000000000;11803,000000000000000000
662;12006,000000000000000000;11683,000000000000000000;11803,000000000000000000
663;12006,000000000000000000;11683,000000000000000000;11803,000000000000000000
664;12006,000000000000000000;11683,000000000000000000;11803,000000000000000000
665;12006,000000000000000000;11683,000000000000000000;11803,000000000000000000
666;12006,000000000000000000;11683,000000000000000000;11804,000000000000000000
667;12006,000000000000000000;11683,000000000000000000;11804,000000000000000000
668;12006,000000000000000000;11683,000000000000000000;11804,000000000000000000
669;12006,000000000000000000;11683,000000000000000000;11804,000000000000000000
670;12006,000000000000000000;11683,000000000000000000;11804,000000000000000000
671;12006,000000000000000000;11683,000000000000000000;11804,000000000000000000
672;12006,000000000000000000;11683,000000000000000000;11805,000000000000000000
673;12006,000000000000000000;11683,000000000000000000;11805,000000000000000000
674;12006,000000000000000000;11683,000000000000000000;11806,000000000000000000
675;12006,000000000000000000;11683,000000000000000000;11806,000000000000000000
676;12006,000000000000000000;11683,000000000000000000;11806,000000000000000000
677;12006,000000000000000000;11683,000000000000000000;11807,000000000000000000
678;12006,000000000000000000;11683,000000000000000000;11807,000000000000000000
679;12006,000000000000000000;11683,000000000000000000;11808,000000000000000000
680;12006,000000000000000000;11683,000000000000000000;11808,000000000000000000
681;12006,000000000000000000;11683,000000000000000000;11808,000000000000000000
682;12006,000000000000000000;11683,000000000000000000;11808,000000000000000000
683;12006,000000000000000000;11683,000000000000000000;11808,000000000000000000
684;12006,000000000000000000;11683,000000000000000000;11808,000000000000000000
685;12006,000000000000000000;11683,000000000000000000;11808,000000000000000000
686;12006,000000000000000000;11683,000000000000000000;11808,000000000000000000
687;12006,000000000000000000;11683,000000000000000000;11808,000000000000000000
688;12006,000000000000000000;11683,000000000000000000;11808,000000000000000000
689;12006,000000000000000000;11683,000000000000000000;11809,000000000000000000
690;12006,000000000000000000;11683,000000000000000000;11810,000000000000000000
691;12006,000000000000000000;11683,000000000000000000;11810,000000000000000000
692;12006,000000000000000000;11683,000000000000000000;11811,000000000000000000
693;12006,000000000000000000;11683,000000000000000000;11811,000000000000000000
694;12006,000000000000000000;11683,000000000000000000;11811,000000000000000000
695;12006,000000000000000000;11683,000000000000000000;11811,000000000000000000
696;12006,000000000000000000;11683,000000000000000000;11811,000000000000000000
697;12006,000000000000000000;11683,000000000000000000;11811,000000000000000000
698;12006,000000000000000000;11683,000000000000000000;11812,000000000000000000
699;12006,000000000000000000;11683,000000000000000000;11813,000000000000000000
700;12006,000000000000000000;11683,000000000000000000;11813,000000000000000000
701;12006,000000000000000000;11683,000000000000000000;11813,000000000000000000
702;12006,000000000000000000;11683,000000000000000000;11814,000000000000000000
703;12006,000000000000000000;11683,000000000000000000;11814,000000000000000000
704;12006,000000000000000000;11683,000000000000000000;11814,000000000000000000
705;12006,000000000000000000;11683,000000000000000000;11815,000000000000000000
706;12006,000000000000000000;11683,000000000000000000;11815,000000000000000000
707;12006,000000000000000000;11683,000000000000000000;11815,000000000000000000
708;12006,000000000000000000;11683,000000000000000000;11815,000000000000000000
709;12006,000000000000000000;11683,000000000000000000;11816,000000000000000000
710;12006,000000000000000000;11683,000000000000000000;11816,000000000000000000
711;12006,000000000000000000;11683,000000000000000000;11816,000000000000000000
712;12006,000000000000000000;11683,000000000000000000;11816,000000000000000000
713;12006,000000000000000000;11683,000000000000000000;11816,000000000000000000
714;12006,000000000000000000;11683,000000000000000000;11816,000000000000000000
715;12006,000000000000000000;11683,000000000000000000;11816,000000000000000000
716;12006,000000000000000000;11683,000000000000000000;11816,000000000000000000
717;12006,000000000000000000;11683,000000000000000000;11817,000000000000000000
718;12006,000000000000000000;11683,000000000000000000;11817,000000000000000000
719;12006,000000000000000000;11683,000000000000000000;11817,000000000000000000
720;12006,000000000000000000;11683,000000000000000000;11818,000000000000000000
721;12006,000000000000000000;11683,000000000000000000;11818,000000000000000000
722;12006,000000000000000000;11683,000000000000000000;11819,000000000000000000
723;12006,000000000000000000;11683,000000000000000000;11819,000000000000000000
724;12006,000000000000000000;11683,000000000000000000;11819,000000000000000000
725;12006,000000000000000000;11683,000000000000000000;11819,000000000000000000
726;12006,000000000000000000;11683,000000000000000000;11819,000000000000000000
727;12006,000000000000000000;11683,000000000000000000;11819,000000000000000000
728;12006,000000000000000000;11683,000000000000000000;11820,000000000000000000
729;12006,000000000000000000;11683,000000000000000000;11820,000000000000000000
730;12006,000000000000000000;11683,000000000000000000;11820,000000000000000000
731;12006,000000000000000000;11683,000000000000000000;11820,000000000000000000
732;12006,000000000000000000;11683,000000000000000000;11820,000000000000000000
733;12006,000000000000000000;11683,000000000000000000;11820,000000000000000000
734;12006,000000000000000000;11683,000000000000000000;11820,000000000000000000
735;12006,000000000000000000;11683,000000000000000000;11821,000000000000000000
736;12006,000000000000000000;11683,000000000000000000;11821,000000000000000000
737;12006,000000000000000000;11683,000000000000000000;11821,000000000000000000
738;12006,000000000000000000;11683,000000000000000000;11821,000000000000000000
739;12006,000000000000000000;11683,000000000000000000;11821,000000000000000000
740;12006,000000000000000000;11683,000000000000000000;11822,000000000000000000
741;12006,000000000000000000;11683,000000000000000000;11823,000000000000000000
742;12006,000000000000000000;11683,000000000000000000;11823,000000000000000000
743;12006,000000000000000000;11683,000000000000000000;11823,000000000000000000
744;12006,000000000000000000;11683,000000000000000000;11823,000000000000000000
745;12006,000000000000000000;11683,000000000000000000;11823,000000000000000000
746;12006,000000000000000000;11683,000000000000000000;11823,000000000000000000
747;12006,000000000000000000;11683,000000000000000000;11823,000000000000000000
748;12006,000000000000000000;11683,000000000000000000;11823,000000000000000000
749;12006,000000000000000000;11683,000000000000000000;11823,000000000000000000
750;12006,000000000000000000;11683,000000000000000000;11823,000000000000000000
751;12006,000000000000000000;11683,000000000000000000;11823,000000000000000000
752;12006,000000000000000000;11683,000000000000000000;11823,000000000000000000
753;12006,000000000000000000;11683,000000000000000000;11824,000000000000000000
754;12006,000000000000000000;11683,000000000000000000;11825,000000000000000000
755;12006,000000000000000000;11683,000000000000000000;11825,000000000000000000
756;12006,000000000000000000;11683,000000000000000000;11825,000000000000000000
757;12006,000000000000000000;11683,000000000000000000;11825,000000000000000000
758;12006,000000000000000000;11683,000000000000000000;11826,000000000000000000
759;12006,000000000000000000;11683,000000000000000000;11826,000000000000000000
760;12006,000000000000000000;11683,000000000000000000;11827,000000000000000000
761;12006,000000000000000000;11683,000000000000000000;11827,000000000000000000
762;12006,000000000000000000;11683,000000000000000000;11827,000000000000000000
763;12006,000000000000000000;11683,000000000000000000;11827,000000000000000000
764;12006,000000000000000000;11683,000000000000000000;11828,000000000000000000
765;12006,000000000000000000;11683,000000000000000000;11828,000000000000000000
766;12006,000000000000000000;11683,000000000000000000;11828,000000000000000000
767;12006,000000000000000000;11683,000000000000000000;11828,000000000000000000
768;12006,000000000000000000;11683,000000000000000000;11828,000000000000000000
769;12006,000000000000000000;11683,000000000000000000;11828,000000000000000000
770;12006,000000000000000000;11683,000000000000000000;11829,000000000000000000
771;12006,000000000000000000;11683,000000000000000000;11829,000000000000000000
772;12006,000000000000000000;11683,000000000000000000;11829,000000000000000000
773;12006,000000000000000000;11683,000000000000000000;11830,000000000000000000
774;12006,000000000000000000;11683,000000000000000000;11830,000000000000000000
775;12006,000000000000000000;11683,000000000000000000;11830,000000000000000000
776;12006,000000000000000000;11683,000000000000000000;11831,000000000000000000
777;12006,000000000000000000;11683,000000000000000000;11832,000000000000000000
778;12006,000000000000000000;11683,000000000000000000;11832,000000000000000000
779;12006,000000000000000000;11683,000000000000000000;11832,000000000000000000
780;12006,000000000000000000;11683,000000000000000000;11832,000000000000000000
781;12006,000000000000000000;11683,000000000000000000;11832,000000000000000000
782;12006,000000000000000000;11683,000000000000000000;11832,000000000000000000
783;12006,000000000000000000;11683,000000000000000000;11832,000000000000000000
784;12006,000000000000000000;11683,000000000000000000;11832,000000000000000000
785;12006,000000000000000000;11683,000000000000000000;11833,000000000000000000
786;12006,000000000000000000;11683,000000000000000000;11833,000000000000000000
787;12006,000000000000000000;11683,000000000000000000;11834,000000000000000000
788;12006,000000000000000000;11683,000000000000000000;11834,000000000000000000
789;12006,000000000000000000;11683,000000000000000000;11834,000000000000000000
790;12006,000000000000000000;11683,000000000000000000;11834,000000000000000000
791;12006,000000000000000000;11683,000000000000000000;11834,000000000000000000
792;12006,000000000000000000;11683,000000000000000000;11835,000000000000000000
793;12006,000000000000000000;11683,000000000000000000;11835,000000000000000000
794;12006,000000000000000000;11683,000000000000000000;11836,000000000000000000
795;12006,000000000000000000;11683,000000000000000000;11836,000000000000000000
796;12006,000000000000000000;11683,000000000000000000;11836,000000000000000000
797;12006,000000000000000000;11683,000000000000000000;11836,000000000000000000
798;12006,000000000000000000;11683,000000000000000000;11836,000000000000000000
799;12006,000000000000000000;11683,000000000000000000;11836,000000000000000000
800;12006,000000000000000000;11683,000000000000000000;11837,000000000000000000
801;12006,000000000000000000;11683,000000000000000000;11837,000000000000000000
802;12006,000000000000000000;11683,000000000000000000;11837,000000000000000000
803;12006,000000000000000000;11683,000000000000000000;11837,000000000000000000
804;12006,000000000000000000;11683,000000000000000000;11838,000000000000000000
805;12006,000000000000000000;11683,000000000000000000;11838,000000000000000000
806;12006,000000000000000000;11683,000000000000000000;11838,000000000000000000
807;12006,000000000000000000;11683,000000000000000000;11838,000000000000000000
808;12006,000000000000000000;11683,000000000000000000;11838,000000000000000000
809;12006,000000000000000000;11683,000000000000000000;11838,000000000000000000
810;12006,000000000000000000;11683,000000000000000000;11838,000000000000000000
811;12006,000000000000000000;11683,000000000000000000;11838,000000000000000000
812;12006,000000000000000000;11683,000000000000000000;11839,000000000000000000
813;12006,000000000000000000;11683,000000000000000000;11839,000000000000000000
814;12006,000000000000000000;11683,000000000000000000;11839,000000000000000000
815;12006,000000000000000000;11683,000000000000000000;11839,000000000000000000
816;12006,000000000000000000;11683,000000000000000000;11839,000000000000000000
817;12006,000000000000000000;11683,000000000000000000;11839,000000000000000000
818;12006,000000000000000000;11683,000000000000000000;11840,000000000000000000
819;12006,000000000000000000;11683,000000000000000000;11840,000000000000000000
820;12006,000000000000000000;11683,000000000000000000;11840,000000000000000000
821;12006,000000000000000000;11683,000000000000000000;11840,000000000000000000
822;12006,000000000000000000;11683,000000000000000000;11840,000000000000000000
823;12006,000000000000000000;11683,000000000000000000;11840,000000000000000000
824;12006,000000000000000000;11683,000000000000000000;11840,000000000000000000
825;12006,000000000000000000;11683,000000000000000000;11841,000000000000000000
826;12006,000000000000000000;11683,000000000000000000;11841,000000000000000000
827;12006,000000000000000000;11683,000000000000000000;11841,000000000000000000
828;12006,000000000000000000;11683,000000000000000000;11841,000000000000000000
829;12006,000000000000000000;11683,000000000000000000;11841,000000000000000000
830;12006,000000000000000000;11683,000000000000000000;11842,000000000000000000
831;12006,000000000000000000;11683,000000000000000000;11842,000000000000000000
832;12006,000000000000000000;11683,000000000000000000;11842,000000000000000000
833;12006,000000000000000000;11683,000000000000000000;11842,000000000000000000
834;12006,000000000000000000;11683,000000000000000000;11843,000000000000000000
835;12006,000000000000000000;11683,000000000000000000;11843,000000000000000000
836;12006,000000000000000000;11683,000000000000000000;11843,000000000000000000
837;12006,000000000000000000;11683,000000000000000000;11844,000000000000000000
838;12006,000000000000000000;11683,000000000000000000;11844,000000000000000000
839;12006,000000000000000000;11683,000000000000000000;11845,000000000000000000
840;12006,000000000000000000;11683,000000000000000000;11846,000000000000000000
841;12006,000000000000000000;11683,000000000000000000;11846,000000000000000000
842;12006,000000000000000000;11683,000000000000000000;11846,000000000000000000
843;12006,000000000000000000;11683,000000000000000000;11846,000000000000000000
844;12006,000000000000000000;11683,000000000000000000;11846,000000000000000000
845;12006,000000000000000000;11683,000000000000000000;11847,000000000000000000
846;12006,000000000000000000;11683,000000000000000000;11847,000000000000000000
847;12006,000000000000000000;11683,000000000000000000;11847,000000000000000000
848;12006,000000000000000000;11683,000000000000000000;11847,000000000000000000
849;12006,000000000000000000;11683,000000000000000000;11848,000000000000000000
850;12006,000000000000000000;11683,000000000000000000;11848,000000000000000000
851;12006,000000000000000000;11683,000000000000000000;11848,000000000000000000
852;12006,000000000000000000;11683,000000000000000000;11849,000000000000000000
853;12006,000000000000000000;11683,000000000000000000;11849,000000000000000000
854;12006,000000000000000000;11683,000000000000000000;11849,000000000000000000
855;12006,000000000000000000;11683,000000000000000000;11849,000000000000000000
856;12006,000000000000000000;11683,000000000000000000;11849,000000000000000000
857;12006,000000000000000000;11683,000000000000000000;11849,000000000000000000
858;12006,000000000000000000;11683,000000000000000000;11849,000000000000000000
859;12006,000000000000000000;11683,000000000000000000;11849,000000000000000000
860;12006,000000000000000000;11683,000000000000000000;11849,000000000000000000
861;12006,000000000000000000;11683,000000000000000000;11849,000000000000000000
862;12006,000000000000000000;11683,000000000000000000;11850,000000000000000000
863;12006,000000000000000000;11683,000000000000000000;11851,000000000000000000
864;12006,000000000000000000;11683,000000000000000000;11851,000000000000000000
865;12006,000000000000000000;11683,000000000000000000;11851,000000000000000000
866;12006,000000000000000000;11683,000000000000000000;11851,000000000000000000
867;12006,000000000000000000;11683,000000000000000000;11851,000000000000000000
868;12006,000000000000000000;11683,000000000000000000;11851,000000000000000000
869;12006,000000000000000000;11683,000000000000000000;11851,000000000000000000
870;12006,000000000000000000;11683,000000000000000000;11851,000000000000000000
871;12006,000000000000000000;11683,000000000000000000;11851,000000000000000000
872;12006,000000000000000000;11683,000000000000000000;11851,000000000000000000
873;12006,000000000000000000;11683,000000000000000000;11851,000000000000000000
874;12006,000000000000000000;11683,000000000000000000;11852,000000000000000000
875;12006,000000000000000000;11683,000000000000000000;11852,000000000000000000
876;12006,000000000000000000;11683,000000000000000000;11852,000000000000000000
877;12006,000000000000000000;11683,000000000000000000;11852,000000000000000000
878;12006,000000000000000000;11683,000000000000000000;11853,000000000000000000
879;12006,000000000000000000;11683,000000000000000000;11853,000000000000000000
880;12006,000000000000000000;11683,000000000000000000;11853,000000000000000000
881;12006,000000000000000000;11683,000000000000000000;11853,000000000000000000
882;12006,000000000000000000;11683,000000000000000000;11853,000000000000000000
883;12006,000000000000000000;11683,000000000000000000;11854,000000000000000000
884;12006,000000000000000000;11683,000000000000000000;11854,000000000000000000
885;12006,000000000000000000;11683,000000000000000000;11855,000000000000000000
886;12006,000000000000000000;11683,000000000000000000;11855,000000000000000000
887;12006,000000000000000000;11683,000000000000000000;11855,000000000000000000
888;12006,000000000000000000;11683,000000000000000000;11855,000000000000000000
889;12006,000000000000000000;11683,000000000000000000;11855,000000000000000000
890;12006,000000000000000000;11683,000000000000000000;11855,000000000000000000
891;12006,000000000000000000;11683,000000000000000000;11855,000000000000000000
892;12006,000000000000000000;11683,000000000000000000;11855,000000000000000000
893;12006,000000000000000000;11683,000000000000000000;11855,000000000000000000
894;12006,000000000000000000;11683,000000000000000000;11855,000000000000000000
895;12006,000000000000000000;11683,000000000000000000;11856,000000000000000000
896;12006,000000000000000000;11683,000000000000000000;11856,000000000000000000
897;12006,000000000000000000;11683,000000000000000000;11857,000000000000000000
898;12006,000000000000000000;11683,000000000000000000;11857,000000000000000000
899;12006,000000000000000000;11683,000000000000000000;11858,000000000000000000
900;12006,000000000000000000;11683,000000000000000000;11859,000000000000000000
901;12006,000000000000000000;11683,000000000000000000;11859,000000000000000000
902;12006,000000000000000000;11683,000000000000000000;11859,000000000000000000
903;12006,000000000000000000;11683,000000000000000000;11859,000000000000000000
904;12006,000000000000000000;11683,000000000000000000;11860,000000000000000000
905;12006,000000000000000000;11683,000000000000000000;11860,000000000000000000
906;12006,000000000000000000;11683,000000000000000000;11860,000000000000000000
907;12006,000000000000000000;11683,000000000000000000;11860,000000000000000000
908;12006,000000000000000000;11683,000000000000000000;11860,000000000000000000
909;12006,000000000000000000;11683,000000000000000000;11860,000000000000000000
910;12006,000000000000000000;11683,000000000000000000;11860,000000000000000000
911;12006,000000000000000000;11683,000000000000000000;11861,000000000000000000
912;12006,000000000000000000;11683,000000000000000000;11861,000000000000000000
913;12006,000000000000000000;11683,000000000000000000;11861,000000000000000000
914;12006,000000000000000000;11683,000000000000000000;11861,000000000000000000
915;12006,000000000000000000;11683,000000000000000000;11861,000000000000000000
916;12006,000000000000000000;11683,000000000000000000;11861,000000000000000000
917;12006,000000000000000000;11683,000000000000000000;11861,000000000000000000
918;12006,000000000000000000;11683,000000000000000000;11862,000000000000000000
919;12006,000000000000000000;11683,000000000000000000;11862,000000000000000000
920;12006,000000000000000000;11683,000000000000000000;11862,000000000000000000
921;12006,000000000000000000;11683,000000000000000000;11862,000000000000000000
922;12006,000000000000000000;11683,000000000000000000;11863,000000000000000000
923;12006,000000000000000000;11683,000000000000000000;11863,000000000000000000
924;12006,000000000000000000;11683,000000000000000000;11863,000000000000000000
925;12006,000000000000000000;11683,000000000000000000;11863,000000000000000000
926;12006,000000000000000000;11683,000000000000000000;11863,000000000000000000
927;12006,000000000000000000;11683,000000000000000000;11863,000000000000000000
928;12006,000000000000000000;11683,000000000000000000;11863,000000000000000000
929;12006,000000000000000000;11683,000000000000000000;11863,000000000000000000
930;12006,000000000000000000;11683,000000000000000000;11864,000000000000000000
931;12006,000000000000000000;11683,000000000000000000;11864,000000000000000000
932;12006,000000000000000000;11683,000000000000000000;11864,000000000000000000
933;12006,000000000000000000;11683,000000000000000000;11864,000000000000000000
934;12006,000000000000000000;11683,000000000000000000;11864,000000000000000000
935;12006,000000000000000000;11683,000000000000000000;11864,000000000000000000
936;12006,000000000000000000;11683,000000000000000000;11864,000000000000000000
937;12006,000000000000000000;11683,000000000000000000;11864,000000000000000000
938;12006,000000000000000000;11683,000000000000000000;11864,000000000000000000
939;12006,000000000000000000;11683,000000000000000000;11864,000000000000000000
940;12006,000000000000000000;11683,000000000000000000;11864,000000000000000000
941;12006,000000000000000000;11683,000000000000000000;11865,000000000000000000
942;12006,000000000000000000;11683,000000000000000000;11865,000000000000000000
943;12006,000000000000000000;11683,000000000000000000;11865,000000000000000000
944;12006,000000000000000000;11683,000000000000000000;11865,000000000000000000
945;12006,000000000000000000;11683,000000000000000000;11865,000000000000000000
946;12006,000000000000000000;11683,000000000000000000;11865,000000000000000000
947;12006,000000000000000000;11683,000000000000000000;11865,000000000000000000
948;12006,000000000000000000;11683,000000000000000000;11865,000000000000000000
949;12006,000000000000000000;11683,000000000000000000;11865,000000000000000000
950;12006,000000000000000000;11683,000000000000000000;11865,000000000000000000
951;12006,000000000000000000;11683,000000000000000000;11865,000000000000000000
952;12006,000000000000000000;11683,000000000000000000;11866,000000000000000000
953;12006,000000000000000000;11683,000000000000000000;11866,000000000000000000
954;12006,000000000000000000;11683,000000000000000000;11866,000000000000000000
955;12006,000000000000000000;11683,000000000000000000;11866,000000000000000000
956;12006,000000000000000000;11683,000000000000000000;11866,000000000000000000
957;12006,000000000000000000;11683,000000000000000000;11866,000000000000000000
958;12006,000000000000000000;11683,000000000000000000;11866,000000000000000000
959;12006,000000000000000000;11683,000000000000000000;11866,000000000000000000
960;12006,000000000000000000;11683,000000000000000000;11867,000000000000000000
961;12006,000000000000000000;11683,000000000000000000;11867,000000000000000000
962;12006,000000000000000000;11683,000000000000000000;11867,000000000000000000
963;12006,000000000000000000;11683,000000000000000000;11867,000000000000000000
964;12006,000000000000000000;11683,000000000000000000;11867,000000000000000000
965;12006,000000000000000000;11683,000000000000000000;11867,000000000000000000
966;12006,000000000000000000;11683,000000000000000000;11867,000000000000000000
967;12006,000000000000000000;11683,000000000000000000;11867,000000000000000000
968;12006,000000000000000000;11683,000000000000000000;11867,000000000000000000
969;12006,000000000000000000;11683,000000000000000000;11867,000000000000000000
970;12006,000000000000000000;11683,000000000000000000;11867,000000000000000000
971;12006,000000000000000000;11683,000000000000000000;11867,000000000000000000
972;12006,000000000000000000;11683,000000000000000000;11867,000000000000000000
973;12006,000000000000000000;11683,000000000000000000;11867,000000000000000000
974;12006,000000000000000000;11683,000000000000000000;11867,000000000000000000
975;12006,000000000000000000;11683,000000000000000000;11867,000000000000000000
976;12006,000000000000000000;11683,000000000000000000;11867,000000000000000000
977;12006,000000000000000000;11683,000000000000000000;11867,000000000000000000
978;12006,000000000000000000;11683,000000000000000000;11867,000000000000000000
979;12006,000000000000000000;11683,000000000000000000;11867,000000000000000000
980;12006,000000000000000000;11683,000000000000000000;11867,000000000000000000
981;12006,000000000000000000;11683,000000000000000000;11867,000000000000000000
982;12006,000000000000000000;11683,000000000000000000;11867,000000000000000000
983;12006,000000000000000000;11683,000000000000000000;11868,000000000000000000
984;12006,000000000000000000;11683,000000000000000000;11868,000000000000000000
985;12006,000000000000000000;11683,000000000000000000;11868,000000000000000000
986;12006,000000000000000000;11683,000000000000000000;11868,000000000000000000
987;12006,000000000000000000;11683,000000000000000000;11868,000000000000000000
988;12006,000000000000000000;11683,000000000000000000;11868,000000000000000000
989;12006,000000000000000000;11683,000000000000000000;11868,000000000000000000
990;12006,000000000000000000;11683,000000000000000000;11868,000000000000000000
991;12006,000000000000000000;11683,000000000000000000;11868,000000000000000000
992;12006,000000000000000000;11683,000000000000000000;11868,000000000000000000
993;12006,000000000000000000;11683,000000000000000000;11868,000000000000000000
994;12006,000000000000000000;11683,000000000000000000;11868,000000000000000000
995;12006,000000000000000000;11683,000000000000000000;11868,000000000000000000
996;12006,000000000000000000;11683,000000000000000000;11868,000000000000000000
997;12006,000000000000000000;11683,000000000000000000;11869,000000000000000000
998;12006,000000000000000000;11683,000000000000000000;11869,000000000000000000
999;12006,000000000000000000;11683,000000000000000000;11869,000000000000000000
