0;129150,000000000000000000;100315,000000000000000000;116839,000000000000000000
1;129213,000000000000000000;100315,000000000000000000;119253,000000000000000000
2;129462,000000000000000000;102779,000000000000000000;120832,000000000000000000
3;130536,000000000000000000;106588,000000000000000000;121900,000000000000000000
4;130536,000000000000000000;106588,000000000000000000;122790,000000000000000000
5;131311,000000000000000000;107139,000000000000000000;123417,000000000000000000
6;131311,000000000000000000;109973,000000000000000000;123923,000000000000000000
7;131311,000000000000000000;109973,000000000000000000;124406,000000000000000000
8;131311,000000000000000000;115868,000000000000000000;124909,000000000000000000
9;131311,000000000000000000;117208,000000000000000000;125426,000000000000000000
10;131824,000000000000000000;117208,000000000000000000;125828,000000000000000000
11;131824,000000000000000000;117208,000000000000000000;126094,000000000000000000
12;131824,000000000000000000;119229,000000000000000000;126354,000000000000000000
13;131824,000000000000000000;119229,000000000000000000;126609,000000000000000000
14;131824,000000000000000000;120562,000000000000000000;126788,000000000000000000
15;131824,000000000000000000;120562,000000000000000000;127019,000000000000000000
16;131824,000000000000000000;120562,000000000000000000;127240,000000000000000000
17;132035,000000000000000000;120562,000000000000000000;127480,000000000000000000
18;132035,000000000000000000;121577,000000000000000000;127725,000000000000000000
19;132035,000000000000000000;121577,000000000000000000;127992,000000000000000000
20;132035,000000000000000000;121577,000000000000000000;128102,000000000000000000
21;132035,000000000000000000;121577,000000000000000000;128314,000000000000000000
22;132035,000000000000000000;121577,000000000000000000;128398,000000000000000000
23;132290,000000000000000000;123955,000000000000000000;128596,000000000000000000
24;132290,000000000000000000;123955,000000000000000000;128721,000000000000000000
25;132290,000000000000000000;123955,000000000000000000;128849,000000000000000000
26;132800,000000000000000000;124316,000000000000000000;129012,000000000000000000
27;132859,000000000000000000;124316,000000000000000000;129127,000000000000000000
28;132859,000000000000000000;124718,000000000000000000;129289,000000000000000000
29;133145,000000000000000000;124718,000000000000000000;129416,000000000000000000
30;133145,000000000000000000;124718,000000000000000000;129470,000000000000000000
31;133145,000000000000000000;124812,000000000000000000;129591,000000000000000000
32;133145,000000000000000000;124812,000000000000000000;129675,000000000000000000
33;133254,000000000000000000;124812,000000000000000000;129788,000000000000000000
34;133254,000000000000000000;124812,000000000000000000;129887,000000000000000000
35;133254,000000000000000000;125381,000000000000000000;129985,000000000000000000
36;133254,000000000000000000;125381,000000000000000000;130068,000000000000000000
37;133254,000000000000000000;125381,000000000000000000;130128,000000000000000000
38;133254,000000000000000000;125381,000000000000000000;130212,000000000000000000
39;133254,000000000000000000;125381,000000000000000000;130272,000000000000000000
40;133254,000000000000000000;125381,000000000000000000;130348,000000000000000000
41;133254,000000000000000000;125381,000000000000000000;130433,000000000000000000
42;133254,000000000000000000;125381,000000000000000000;130474,000000000000000000
43;133254,000000000000000000;125381,000000000000000000;130530,000000000000000000
44;133254,000000000000000000;125381,000000000000000000;130576,000000000000000000
45;133320,000000000000000000;126257,000000000000000000;130648,000000000000000000
46;133320,000000000000000000;126257,000000000000000000;130688,000000000000000000
47;133320,000000000000000000;127230,000000000000000000;130755,000000000000000000
48;133320,000000000000000000;127230,000000000000000000;130808,000000000000000000
49;133320,000000000000000000;127230,000000000000000000;130859,000000000000000000
50;133320,000000000000000000;127230,000000000000000000;130900,000000000000000000
51;133694,000000000000000000;127230,000000000000000000;130980,000000000000000000
52;133694,000000000000000000;127230,000000000000000000;131010,000000000000000000
53;133694,000000000000000000;127747,000000000000000000;131063,000000000000000000
54;133694,000000000000000000;127747,000000000000000000;131096,000000000000000000
55;133694,000000000000000000;127747,000000000000000000;131143,000000000000000000
56;133694,000000000000000000;127747,000000000000000000;131195,000000000000000000
57;133694,000000000000000000;127747,000000000000000000;131247,000000000000000000
58;133694,000000000000000000;127747,000000000000000000;131318,000000000000000000
59;133694,000000000000000000;127747,000000000000000000;131358,000000000000000000
60;133694,000000000000000000;127747,000000000000000000;131416,000000000000000000
61;133694,000000000000000000;128175,000000000000000000;131471,000000000000000000
62;133995,000000000000000000;128175,000000000000000000;131488,000000000000000000
63;133995,000000000000000000;128175,000000000000000000;131525,000000000000000000
64;133995,000000000000000000;128175,000000000000000000;131597,000000000000000000
65;133995,000000000000000000;128175,000000000000000000;131641,000000000000000000
66;133995,000000000000000000;128834,000000000000000000;131682,000000000000000000
67;133995,000000000000000000;128834,000000000000000000;131733,000000000000000000
68;133995,000000000000000000;128834,000000000000000000;131764,000000000000000000
69;133995,000000000000000000;129003,000000000000000000;131801,000000000000000000
70;133995,000000000000000000;129003,000000000000000000;131853,000000000000000000
71;133995,000000000000000000;129003,000000000000000000;131896,000000000000000000
72;134250,000000000000000000;129003,000000000000000000;131933,000000000000000000
73;134250,000000000000000000;129003,000000000000000000;131953,000000000000000000
74;134250,000000000000000000;129219,000000000000000000;132007,000000000000000000
75;134250,000000000000000000;129295,000000000000000000;132047,000000000000000000
76;134250,000000000000000000;129461,000000000000000000;132069,000000000000000000
77;134250,000000000000000000;129519,000000000000000000;132101,000000000000000000
78;134250,000000000000000000;129519,000000000000000000;132125,000000000000000000
79;134250,000000000000000000;129519,000000000000000000;132142,000000000000000000
80;134250,000000000000000000;129519,000000000000000000;132170,000000000000000000
81;134250,000000000000000000;129519,000000000000000000;132201,000000000000000000
82;134250,000000000000000000;129519,000000000000000000;132233,000000000000000000
83;134250,000000000000000000;129519,000000000000000000;132261,000000000000000000
84;134250,000000000000000000;129519,000000000000000000;132280,000000000000000000
85;134250,000000000000000000;129519,000000000000000000;132306,000000000000000000
86;134250,000000000000000000;129519,000000000000000000;132330,000000000000000000
87;134250,000000000000000000;129519,000000000000000000;132348,000000000000000000
88;134250,000000000000000000;129532,000000000000000000;132381,000000000000000000
89;134470,000000000000000000;129532,000000000000000000;132396,000000000000000000
90;134470,000000000000000000;129532,000000000000000000;132415,000000000000000000
91;134470,000000000000000000;129532,000000000000000000;132438,000000000000000000
92;134470,000000000000000000;129532,000000000000000000;132472,000000000000000000
93;134470,000000000000000000;129532,000000000000000000;132496,000000000000000000
94;134470,000000000000000000;129532,000000000000000000;132514,000000000000000000
95;134470,000000000000000000;129532,000000000000000000;132537,000000000000000000
96;134470,000000000000000000;129532,000000000000000000;132562,000000000000000000
97;134470,000000000000000000;129532,000000000000000000;132576,000000000000000000
98;134470,000000000000000000;129532,000000000000000000;132598,000000000000000000
99;134470,000000000000000000;129532,000000000000000000;132619,000000000000000000
100;134470,000000000000000000;129532,000000000000000000;132633,000000000000000000
101;134470,000000000000000000;129532,000000000000000000;132667,000000000000000000
102;134470,000000000000000000;129532,000000000000000000;132684,000000000000000000
103;134470,000000000000000000;129532,000000000000000000;132693,000000000000000000
104;134470,000000000000000000;129579,000000000000000000;132728,000000000000000000
105;134470,000000000000000000;129579,000000000000000000;132751,000000000000000000
106;134470,000000000000000000;129579,000000000000000000;132761,000000000000000000
107;134470,000000000000000000;129579,000000000000000000;132775,000000000000000000
108;134470,000000000000000000;129579,000000000000000000;132798,000000000000000000
109;134470,000000000000000000;129906,000000000000000000;132818,000000000000000000
110;134470,000000000000000000;129906,000000000000000000;132837,000000000000000000
111;134487,000000000000000000;129906,000000000000000000;132858,000000000000000000
112;134487,000000000000000000;129906,000000000000000000;132879,000000000000000000
113;134487,000000000000000000;129906,000000000000000000;132895,000000000000000000
114;134487,000000000000000000;129906,000000000000000000;132915,000000000000000000
115;134487,000000000000000000;129941,000000000000000000;132945,000000000000000000
116;134487,000000000000000000;129941,000000000000000000;132960,000000000000000000
117;134487,000000000000000000;129941,000000000000000000;132979,000000000000000000
118;134487,000000000000000000;129941,000000000000000000;133003,000000000000000000
119;134546,000000000000000000;129941,000000000000000000;133022,000000000000000000
120;134546,000000000000000000;130104,000000000000000000;133034,000000000000000000
121;134546,000000000000000000;130104,000000000000000000;133053,000000000000000000
122;134661,000000000000000000;130104,000000000000000000;133079,000000000000000000
123;134661,000000000000000000;130104,000000000000000000;133089,000000000000000000
124;134661,000000000000000000;130255,000000000000000000;133115,000000000000000000
125;134661,000000000000000000;130255,000000000000000000;133125,000000000000000000
126;134661,000000000000000000;130255,000000000000000000;133152,000000000000000000
127;134661,000000000000000000;130255,000000000000000000;133179,000000000000000000
128;134661,000000000000000000;130255,000000000000000000;133191,000000000000000000
129;134661,000000000000000000;130255,000000000000000000;133216,000000000000000000
130;134661,000000000000000000;130255,000000000000000000;133236,000000000000000000
131;134661,000000000000000000;130889,000000000000000000;133263,000000000000000000
132;134661,000000000000000000;130889,000000000000000000;133285,000000000000000000
133;134661,000000000000000000;130889,000000000000000000;133294,000000000000000000
134;134661,000000000000000000;131004,000000000000000000;133313,000000000000000000
135;134661,000000000000000000;131004,000000000000000000;133332,000000000000000000
136;134661,000000000000000000;131004,000000000000000000;133350,000000000000000000
137;134661,000000000000000000;131004,000000000000000000;133373,000000000000000000
138;134661,000000000000000000;131004,000000000000000000;133387,000000000000000000
139;134661,000000000000000000;131004,000000000000000000;133406,000000000000000000
140;134661,000000000000000000;131004,000000000000000000;133428,000000000000000000
141;134795,000000000000000000;131004,000000000000000000;133443,000000000000000000
142;134795,000000000000000000;131004,000000000000000000;133458,000000000000000000
143;134795,000000000000000000;131004,000000000000000000;133485,000000000000000000
144;135657,000000000000000000;131004,000000000000000000;133503,000000000000000000
145;135657,000000000000000000;131004,000000000000000000;133513,000000000000000000
146;135657,000000000000000000;131004,000000000000000000;133529,000000000000000000
147;135657,000000000000000000;131004,000000000000000000;133546,000000000000000000
148;135657,000000000000000000;131004,000000000000000000;133571,000000000000000000
149;135657,000000000000000000;131004,000000000000000000;133595,000000000000000000
150;135657,000000000000000000;131004,000000000000000000;133615,000000000000000000
151;135657,000000000000000000;131004,000000000000000000;133624,000000000000000000
152;135657,000000000000000000;131004,000000000000000000;133632,000000000000000000
153;135657,000000000000000000;131495,000000000000000000;133655,000000000000000000
154;135657,000000000000000000;131495,000000000000000000;133683,000000000000000000
155;135657,000000000000000000;131495,000000000000000000;133713,000000000000000000
156;135657,000000000000000000;131495,000000000000000000;133732,000000000000000000
157;135657,000000000000000000;131495,000000000000000000;133742,000000000000000000
158;135657,000000000000000000;131495,000000000000000000;133756,000000000000000000
159;135657,000000000000000000;131495,000000000000000000;133763,000000000000000000
160;135657,000000000000000000;131495,000000000000000000;133781,000000000000000000
161;135657,000000000000000000;131495,000000000000000000;133797,000000000000000000
162;135657,000000000000000000;131495,000000000000000000;133805,000000000000000000
163;135657,000000000000000000;131495,000000000000000000;133820,000000000000000000
164;135657,000000000000000000;131495,000000000000000000;133826,000000000000000000
165;135657,000000000000000000;131495,000000000000000000;133853,000000000000000000
166;135657,000000000000000000;131495,000000000000000000;133860,000000000000000000
167;135657,000000000000000000;131582,000000000000000000;133866,000000000000000000
168;135657,000000000000000000;131582,000000000000000000;133875,000000000000000000
169;135657,000000000000000000;131582,000000000000000000;133887,000000000000000000
170;135657,000000000000000000;131582,000000000000000000;133902,000000000000000000
171;135657,000000000000000000;131582,000000000000000000;133910,000000000000000000
172;135657,000000000000000000;131582,000000000000000000;133918,000000000000000000
173;135657,000000000000000000;132051,000000000000000000;133939,000000000000000000
174;135657,000000000000000000;132051,000000000000000000;133943,000000000000000000
175;135657,000000000000000000;132051,000000000000000000;133957,000000000000000000
176;135657,000000000000000000;132355,000000000000000000;133975,000000000000000000
177;135657,000000000000000000;132355,000000000000000000;133985,000000000000000000
178;135657,000000000000000000;132355,000000000000000000;133996,000000000000000000
179;135657,000000000000000000;132355,000000000000000000;134000,000000000000000000
180;135657,000000000000000000;132355,000000000000000000;134013,000000000000000000
181;135657,000000000000000000;132355,000000000000000000;134018,000000000000000000
182;135657,000000000000000000;132355,000000000000000000;134026,000000000000000000
183;135657,000000000000000000;132355,000000000000000000;134036,000000000000000000
184;135657,000000000000000000;132355,000000000000000000;134063,000000000000000000
185;135832,000000000000000000;132355,000000000000000000;134071,000000000000000000
186;135832,000000000000000000;132355,000000000000000000;134086,000000000000000000
187;135832,000000000000000000;132355,000000000000000000;134123,000000000000000000
188;135832,000000000000000000;132355,000000000000000000;134130,000000000000000000
189;135832,000000000000000000;132355,000000000000000000;134141,000000000000000000
190;135832,000000000000000000;132355,000000000000000000;134157,000000000000000000
191;135832,000000000000000000;132355,000000000000000000;134173,000000000000000000
192;135832,000000000000000000;132355,000000000000000000;134190,000000000000000000
193;135832,000000000000000000;132355,000000000000000000;134199,000000000000000000
194;135832,000000000000000000;132355,000000000000000000;134213,000000000000000000
195;135832,000000000000000000;132355,000000000000000000;134227,000000000000000000
196;135832,000000000000000000;132355,000000000000000000;134239,000000000000000000
197;135832,000000000000000000;132355,000000000000000000;134249,000000000000000000
198;135832,000000000000000000;132355,000000000000000000;134263,000000000000000000
199;135832,000000000000000000;132355,000000000000000000;134272,000000000000000000
200;135832,000000000000000000;132355,000000000000000000;134283,000000000000000000
201;135832,000000000000000000;132355,000000000000000000;134295,000000000000000000
202;135832,000000000000000000;132355,000000000000000000;134303,000000000000000000
203;135832,000000000000000000;132355,000000000000000000;134318,000000000000000000
204;135832,000000000000000000;132355,000000000000000000;134329,000000000000000000
205;135832,000000000000000000;132355,000000000000000000;134333,000000000000000000
206;135832,000000000000000000;132355,000000000000000000;134343,000000000000000000
207;135832,000000000000000000;132355,000000000000000000;134355,000000000000000000
208;135832,000000000000000000;132355,000000000000000000;134366,000000000000000000
209;135832,000000000000000000;132355,000000000000000000;134384,000000000000000000
210;135832,000000000000000000;132355,000000000000000000;134389,000000000000000000
211;135832,000000000000000000;132355,000000000000000000;134397,000000000000000000
212;135832,000000000000000000;132355,000000000000000000;134404,000000000000000000
213;135832,000000000000000000;132355,000000000000000000;134411,000000000000000000
214;135832,000000000000000000;132355,000000000000000000;134421,000000000000000000
215;135832,000000000000000000;132355,000000000000000000;134430,000000000000000000
216;135832,000000000000000000;132355,000000000000000000;134441,000000000000000000
217;135832,000000000000000000;132355,000000000000000000;134447,000000000000000000
218;135832,000000000000000000;132355,000000000000000000;134453,000000000000000000
219;135832,000000000000000000;132355,000000000000000000;134470,000000000000000000
220;135832,000000000000000000;132355,000000000000000000;134481,000000000000000000
221;135832,000000000000000000;132355,000000000000000000;134484,000000000000000000
222;135832,000000000000000000;132355,000000000000000000;134489,000000000000000000
223;135832,000000000000000000;132355,000000000000000000;134500,000000000000000000
224;135832,000000000000000000;132355,000000000000000000;134513,000000000000000000
225;135832,000000000000000000;132355,000000000000000000;134519,000000000000000000
226;135832,000000000000000000;132355,000000000000000000;134530,000000000000000000
227;135832,000000000000000000;132355,000000000000000000;134538,000000000000000000
228;135832,000000000000000000;132355,000000000000000000;134546,000000000000000000
229;135832,000000000000000000;132355,000000000000000000;134554,000000000000000000
230;135832,000000000000000000;132355,000000000000000000;134557,000000000000000000
231;135832,000000000000000000;132355,000000000000000000;134569,000000000000000000
232;135832,000000000000000000;132355,000000000000000000;134572,000000000000000000
233;135832,000000000000000000;132355,000000000000000000;134580,000000000000000000
234;135832,000000000000000000;132355,000000000000000000;134587,000000000000000000
235;135832,000000000000000000;132355,000000000000000000;134596,000000000000000000
236;135832,000000000000000000;132355,000000000000000000;134600,000000000000000000
237;135832,000000000000000000;132355,000000000000000000;134615,000000000000000000
238;135832,000000000000000000;132355,000000000000000000;134635,000000000000000000
239;135971,000000000000000000;132355,000000000000000000;134640,000000000000000000
240;135971,000000000000000000;132355,000000000000000000;134652,000000000000000000
241;135971,000000000000000000;132355,000000000000000000;134670,000000000000000000
242;135971,000000000000000000;132355,000000000000000000;134682,000000000000000000
243;135971,000000000000000000;132355,000000000000000000;134690,000000000000000000
244;135971,000000000000000000;132355,000000000000000000;134694,000000000000000000
245;135971,000000000000000000;132355,000000000000000000;134701,000000000000000000
246;135971,000000000000000000;132355,000000000000000000;134713,000000000000000000
247;135971,000000000000000000;132355,000000000000000000;134722,000000000000000000
248;135971,000000000000000000;132355,000000000000000000;134725,000000000000000000
249;135971,000000000000000000;132355,000000000000000000;134730,000000000000000000
250;135971,000000000000000000;132355,000000000000000000;134740,000000000000000000
251;135971,000000000000000000;132355,000000000000000000;134743,000000000000000000
252;135971,000000000000000000;132355,000000000000000000;134746,000000000000000000
253;135971,000000000000000000;132355,000000000000000000;134753,000000000000000000
254;135971,000000000000000000;132355,000000000000000000;134762,000000000000000000
255;135971,000000000000000000;132355,000000000000000000;134765,000000000000000000
256;135971,000000000000000000;132355,000000000000000000;134770,000000000000000000
257;135971,000000000000000000;132355,000000000000000000;134786,000000000000000000
258;135971,000000000000000000;132355,000000000000000000;134789,000000000000000000
259;135971,000000000000000000;132355,000000000000000000;134792,000000000000000000
260;135971,000000000000000000;132355,000000000000000000;134802,000000000000000000
261;135971,000000000000000000;132355,000000000000000000;134807,000000000000000000
262;135971,000000000000000000;132355,000000000000000000;134808,000000000000000000
263;135971,000000000000000000;133940,000000000000000000;134824,000000000000000000
264;135971,000000000000000000;133940,000000000000000000;134833,000000000000000000
265;135971,000000000000000000;134028,000000000000000000;134838,000000000000000000
266;135971,000000000000000000;134028,000000000000000000;134841,000000000000000000
267;135971,000000000000000000;134028,000000000000000000;134845,000000000000000000
268;135971,000000000000000000;134028,000000000000000000;134850,000000000000000000
269;135971,000000000000000000;134028,000000000000000000;134852,000000000000000000
270;135971,000000000000000000;134028,000000000000000000;134857,000000000000000000
271;135971,000000000000000000;134028,000000000000000000;134863,000000000000000000
272;135971,000000000000000000;134028,000000000000000000;134868,000000000000000000
273;135971,000000000000000000;134028,000000000000000000;134875,000000000000000000
274;135971,000000000000000000;134028,000000000000000000;134880,000000000000000000
275;135971,000000000000000000;134028,000000000000000000;134882,000000000000000000
276;135971,000000000000000000;134028,000000000000000000;134883,000000000000000000
277;135971,000000000000000000;134028,000000000000000000;134894,000000000000000000
278;135971,000000000000000000;134028,000000000000000000;134895,000000000000000000
279;135971,000000000000000000;134028,000000000000000000;134897,000000000000000000
280;135971,000000000000000000;134028,000000000000000000;134906,000000000000000000
281;135971,000000000000000000;134028,000000000000000000;134908,000000000000000000
282;135971,000000000000000000;134028,000000000000000000;134913,000000000000000000
283;135971,000000000000000000;134028,000000000000000000;134923,000000000000000000
284;135971,000000000000000000;134028,000000000000000000;134930,000000000000000000
285;135971,000000000000000000;134028,000000000000000000;134934,000000000000000000
286;135971,000000000000000000;134028,000000000000000000;134940,000000000000000000
287;135971,000000000000000000;134028,000000000000000000;134942,000000000000000000
288;135971,000000000000000000;134028,000000000000000000;134949,000000000000000000
289;135971,000000000000000000;134028,000000000000000000;134971,000000000000000000
290;135971,000000000000000000;134028,000000000000000000;134975,000000000000000000
291;135971,000000000000000000;134028,000000000000000000;134979,000000000000000000
292;135971,000000000000000000;134155,000000000000000000;134985,000000000000000000
293;135971,000000000000000000;134155,000000000000000000;134990,000000000000000000
294;135971,000000000000000000;134155,000000000000000000;134994,000000000000000000
295;135971,000000000000000000;134155,000000000000000000;134999,000000000000000000
296;135971,000000000000000000;134155,000000000000000000;135006,000000000000000000
297;135971,000000000000000000;134155,000000000000000000;135015,000000000000000000
298;135971,000000000000000000;134155,000000000000000000;135019,000000000000000000
299;135971,000000000000000000;134155,000000000000000000;135024,000000000000000000
300;135971,000000000000000000;134155,000000000000000000;135026,000000000000000000
301;135971,000000000000000000;134155,000000000000000000;135031,000000000000000000
302;135971,000000000000000000;134155,000000000000000000;135036,000000000000000000
303;135971,000000000000000000;134155,000000000000000000;135039,000000000000000000
304;135971,000000000000000000;134155,000000000000000000;135041,000000000000000000
305;135971,000000000000000000;134155,000000000000000000;135049,000000000000000000
306;135971,000000000000000000;134155,000000000000000000;135052,000000000000000000
307;135971,000000000000000000;134155,000000000000000000;135057,000000000000000000
308;135971,000000000000000000;134155,000000000000000000;135061,000000000000000000
309;135971,000000000000000000;134155,000000000000000000;135062,000000000000000000
310;135971,000000000000000000;134155,000000000000000000;135073,000000000000000000
311;135971,000000000000000000;134155,000000000000000000;135075,000000000000000000
312;135971,000000000000000000;134155,000000000000000000;135081,000000000000000000
313;135971,000000000000000000;134155,000000000000000000;135083,000000000000000000
314;135971,000000000000000000;134155,000000000000000000;135085,000000000000000000
315;135971,000000000000000000;134155,000000000000000000;135088,000000000000000000
316;135971,000000000000000000;134155,000000000000000000;135090,000000000000000000
317;135971,000000000000000000;134155,000000000000000000;135096,000000000000000000
318;135971,000000000000000000;134155,000000000000000000;135099,000000000000000000
319;135971,000000000000000000;134155,000000000000000000;135103,000000000000000000
320;135971,000000000000000000;134155,000000000000000000;135106,000000000000000000
321;135971,000000000000000000;134155,000000000000000000;135109,000000000000000000
322;135971,000000000000000000;134155,000000000000000000;135118,000000000000000000
323;135971,000000000000000000;134155,000000000000000000;135121,000000000000000000
324;135971,000000000000000000;134155,000000000000000000;135123,000000000000000000
325;135971,000000000000000000;134155,000000000000000000;135126,000000000000000000
326;135971,000000000000000000;134155,000000000000000000;135130,000000000000000000
327;135971,000000000000000000;134155,000000000000000000;135130,000000000000000000
328;135971,000000000000000000;134155,000000000000000000;135137,000000000000000000
329;135971,000000000000000000;134155,000000000000000000;135142,000000000000000000
330;135971,000000000000000000;134155,000000000000000000;135145,000000000000000000
331;135971,000000000000000000;134155,000000000000000000;135152,000000000000000000
332;135971,000000000000000000;134155,000000000000000000;135155,000000000000000000
333;135971,000000000000000000;134155,000000000000000000;135157,000000000000000000
334;135971,000000000000000000;134155,000000000000000000;135161,000000000000000000
335;135971,000000000000000000;134155,000000000000000000;135167,000000000000000000
336;135971,000000000000000000;134155,000000000000000000;135169,000000000000000000
337;135971,000000000000000000;134456,000000000000000000;135175,000000000000000000
338;135971,000000000000000000;134456,000000000000000000;135180,000000000000000000
339;135971,000000000000000000;134473,000000000000000000;135186,000000000000000000
340;135971,000000000000000000;134473,000000000000000000;135188,000000000000000000
341;136195,000000000000000000;134473,000000000000000000;135192,000000000000000000
342;136195,000000000000000000;134473,000000000000000000;135196,000000000000000000
343;136195,000000000000000000;134473,000000000000000000;135199,000000000000000000
344;136195,000000000000000000;134473,000000000000000000;135202,000000000000000000
345;136195,000000000000000000;134473,000000000000000000;135202,000000000000000000
346;136195,000000000000000000;134473,000000000000000000;135207,000000000000000000
347;136195,000000000000000000;134473,000000000000000000;135212,000000000000000000
348;136195,000000000000000000;134473,000000000000000000;135217,000000000000000000
349;136195,000000000000000000;134473,000000000000000000;135220,000000000000000000
350;136195,000000000000000000;134473,000000000000000000;135225,000000000000000000
351;136195,000000000000000000;134473,000000000000000000;135230,000000000000000000
352;136195,000000000000000000;134473,000000000000000000;135235,000000000000000000
353;136195,000000000000000000;134473,000000000000000000;135243,000000000000000000
354;136195,000000000000000000;134473,000000000000000000;135250,000000000000000000
355;136195,000000000000000000;134473,000000000000000000;135251,000000000000000000
356;136195,000000000000000000;134473,000000000000000000;135254,000000000000000000
357;136195,000000000000000000;134473,000000000000000000;135259,000000000000000000
358;136195,000000000000000000;134473,000000000000000000;135262,000000000000000000
359;136195,000000000000000000;134473,000000000000000000;135265,000000000000000000
360;136195,000000000000000000;134473,000000000000000000;135267,000000000000000000
361;136195,000000000000000000;134473,000000000000000000;135271,000000000000000000
362;136195,000000000000000000;134473,000000000000000000;135276,000000000000000000
363;136195,000000000000000000;134473,000000000000000000;135279,000000000000000000
364;136195,000000000000000000;134473,000000000000000000;135281,000000000000000000
365;136195,000000000000000000;134473,000000000000000000;135286,000000000000000000
366;136195,000000000000000000;134473,000000000000000000;135291,000000000000000000
367;136195,000000000000000000;134473,000000000000000000;135297,000000000000000000
368;136195,000000000000000000;134473,000000000000000000;135301,000000000000000000
369;136195,000000000000000000;134473,000000000000000000;135306,000000000000000000
370;136195,000000000000000000;134473,000000000000000000;135315,000000000000000000
371;136195,000000000000000000;134473,000000000000000000;135320,000000000000000000
372;136195,000000000000000000;134473,000000000000000000;135321,000000000000000000
373;136195,000000000000000000;134473,000000000000000000;135322,000000000000000000
374;136195,000000000000000000;134473,000000000000000000;135324,000000000000000000
375;136195,000000000000000000;134473,000000000000000000;135328,000000000000000000
376;136195,000000000000000000;134473,000000000000000000;135336,000000000000000000
377;136195,000000000000000000;134473,000000000000000000;135343,000000000000000000
378;136195,000000000000000000;134473,000000000000000000;135349,000000000000000000
379;136195,000000000000000000;134473,000000000000000000;135352,000000000000000000
380;136728,000000000000000000;134473,000000000000000000;135355,000000000000000000
381;136728,000000000000000000;134473,000000000000000000;135362,000000000000000000
382;136728,000000000000000000;134473,000000000000000000;135369,000000000000000000
383;136728,000000000000000000;134473,000000000000000000;135378,000000000000000000
384;136728,000000000000000000;134473,000000000000000000;135381,000000000000000000
385;136728,000000000000000000;134473,000000000000000000;135383,000000000000000000
386;136728,000000000000000000;134473,000000000000000000;135388,000000000000000000
387;136728,000000000000000000;134473,000000000000000000;135391,000000000000000000
388;136728,000000000000000000;134473,000000000000000000;135396,000000000000000000
389;136728,000000000000000000;134588,000000000000000000;135403,000000000000000000
390;136728,000000000000000000;134588,000000000000000000;135407,000000000000000000
391;136728,000000000000000000;134588,000000000000000000;135411,000000000000000000
392;136728,000000000000000000;134588,000000000000000000;135420,000000000000000000
393;136728,000000000000000000;134588,000000000000000000;135422,000000000000000000
394;136728,000000000000000000;134588,000000000000000000;135426,000000000000000000
395;136728,000000000000000000;134588,000000000000000000;135431,000000000000000000
396;136728,000000000000000000;134588,000000000000000000;135437,000000000000000000
397;136763,000000000000000000;134588,000000000000000000;135443,000000000000000000
398;136763,000000000000000000;134588,000000000000000000;135447,000000000000000000
399;136763,000000000000000000;134588,000000000000000000;135460,000000000000000000
400;136763,000000000000000000;134588,000000000000000000;135461,000000000000000000
401;136763,000000000000000000;134588,000000000000000000;135462,000000000000000000
402;136763,000000000000000000;134588,000000000000000000;135465,000000000000000000
403;136763,000000000000000000;134588,000000000000000000;135472,000000000000000000
404;136763,000000000000000000;134597,000000000000000000;135474,000000000000000000
405;136763,000000000000000000;134597,000000000000000000;135483,000000000000000000
406;136763,000000000000000000;134653,000000000000000000;135487,000000000000000000
407;136763,000000000000000000;134653,000000000000000000;135488,000000000000000000
408;136763,000000000000000000;134653,000000000000000000;135495,000000000000000000
409;136763,000000000000000000;134653,000000000000000000;135502,000000000000000000
410;136763,000000000000000000;134653,000000000000000000;135510,000000000000000000
411;136763,000000000000000000;134653,000000000000000000;135515,000000000000000000
412;136763,000000000000000000;134653,000000000000000000;135517,000000000000000000
413;136763,000000000000000000;134653,000000000000000000;135521,000000000000000000
414;136763,000000000000000000;134653,000000000000000000;135527,000000000000000000
415;136763,000000000000000000;134653,000000000000000000;135534,000000000000000000
416;136763,000000000000000000;134653,000000000000000000;135536,000000000000000000
417;136763,000000000000000000;134653,000000000000000000;135538,000000000000000000
418;136763,000000000000000000;134653,000000000000000000;135545,000000000000000000
419;136763,000000000000000000;134653,000000000000000000;135555,000000000000000000
420;136763,000000000000000000;134653,000000000000000000;135560,000000000000000000
421;136763,000000000000000000;134653,000000000000000000;135567,000000000000000000
422;136763,000000000000000000;134764,000000000000000000;135569,000000000000000000
423;136763,000000000000000000;134764,000000000000000000;135569,000000000000000000
424;136763,000000000000000000;134764,000000000000000000;135573,000000000000000000
425;136763,000000000000000000;134764,000000000000000000;135578,000000000000000000
426;136763,000000000000000000;134764,000000000000000000;135583,000000000000000000
427;136763,000000000000000000;134825,000000000000000000;135595,000000000000000000
428;136763,000000000000000000;134825,000000000000000000;135603,000000000000000000
429;136763,000000000000000000;134825,000000000000000000;135609,000000000000000000
430;136763,000000000000000000;134825,000000000000000000;135611,000000000000000000
431;136763,000000000000000000;134825,000000000000000000;135621,000000000000000000
432;136763,000000000000000000;134825,000000000000000000;135622,000000000000000000
433;136763,000000000000000000;134825,000000000000000000;135626,000000000000000000
434;136763,000000000000000000;134825,000000000000000000;135629,000000000000000000
435;136763,000000000000000000;134825,000000000000000000;135639,000000000000000000
436;136763,000000000000000000;134825,000000000000000000;135646,000000000000000000
437;136763,000000000000000000;134825,000000000000000000;135652,000000000000000000
438;136763,000000000000000000;134825,000000000000000000;135659,000000000000000000
439;136763,000000000000000000;134836,000000000000000000;135666,000000000000000000
440;136763,000000000000000000;134836,000000000000000000;135671,000000000000000000
441;136763,000000000000000000;134836,000000000000000000;135678,000000000000000000
442;136763,000000000000000000;134836,000000000000000000;135679,000000000000000000
443;136763,000000000000000000;134836,000000000000000000;135687,000000000000000000
444;136763,000000000000000000;134836,000000000000000000;135697,000000000000000000
445;136763,000000000000000000;134836,000000000000000000;135703,000000000000000000
446;136763,000000000000000000;134836,000000000000000000;135712,000000000000000000
447;136763,000000000000000000;134836,000000000000000000;135717,000000000000000000
448;136763,000000000000000000;134836,000000000000000000;135722,000000000000000000
449;136763,000000000000000000;134836,000000000000000000;135730,000000000000000000
450;136763,000000000000000000;134836,000000000000000000;135734,000000000000000000
451;136763,000000000000000000;134836,000000000000000000;135735,000000000000000000
452;136763,000000000000000000;134836,000000000000000000;135745,000000000000000000
453;136763,000000000000000000;134836,000000000000000000;135753,000000000000000000
454;136763,000000000000000000;134836,000000000000000000;135760,000000000000000000
455;136763,000000000000000000;134836,000000000000000000;135765,000000000000000000
456;136763,000000000000000000;134836,000000000000000000;135771,000000000000000000
457;136763,000000000000000000;134836,000000000000000000;135773,000000000000000000
458;136763,000000000000000000;134836,000000000000000000;135776,000000000000000000
459;136763,000000000000000000;134836,000000000000000000;135784,000000000000000000
460;136763,000000000000000000;134836,000000000000000000;135791,000000000000000000
461;136763,000000000000000000;134836,000000000000000000;135806,000000000000000000
462;136763,000000000000000000;134836,000000000000000000;135814,000000000000000000
463;136763,000000000000000000;134836,000000000000000000;135817,000000000000000000
464;136763,000000000000000000;134836,000000000000000000;135832,000000000000000000
465;136763,000000000000000000;134836,000000000000000000;135833,000000000000000000
466;136763,000000000000000000;134836,000000000000000000;135838,000000000000000000
467;136763,000000000000000000;134836,000000000000000000;135846,000000000000000000
468;136763,000000000000000000;134836,000000000000000000;135848,000000000000000000
469;136763,000000000000000000;134836,000000000000000000;135854,000000000000000000
470;136763,000000000000000000;134836,000000000000000000;135860,000000000000000000
471;136763,000000000000000000;134836,000000000000000000;135863,000000000000000000
472;136763,000000000000000000;134836,000000000000000000;135865,000000000000000000
473;136763,000000000000000000;134836,000000000000000000;135870,000000000000000000
474;136763,000000000000000000;134836,000000000000000000;135875,000000000000000000
475;136763,000000000000000000;134836,000000000000000000;135879,000000000000000000
476;136763,000000000000000000;134836,000000000000000000;135887,000000000000000000
477;136763,000000000000000000;134836,000000000000000000;135897,000000000000000000
478;136763,000000000000000000;134836,000000000000000000;135899,000000000000000000
479;136763,000000000000000000;134836,000000000000000000;135905,000000000000000000
480;136763,000000000000000000;134836,000000000000000000;135907,000000000000000000
481;136763,000000000000000000;134836,000000000000000000;135914,000000000000000000
482;136763,000000000000000000;134836,000000000000000000;135914,000000000000000000
483;136818,000000000000000000;134836,000000000000000000;135924,000000000000000000
484;136841,000000000000000000;134836,000000000000000000;135932,000000000000000000
485;136841,000000000000000000;135079,000000000000000000;135939,000000000000000000
486;136841,000000000000000000;135079,000000000000000000;135942,000000000000000000
487;136841,000000000000000000;135079,000000000000000000;135947,000000000000000000
488;136841,000000000000000000;135079,000000000000000000;135954,000000000000000000
489;136841,000000000000000000;135079,000000000000000000;135960,000000000000000000
490;136841,000000000000000000;135079,000000000000000000;135966,000000000000000000
491;136841,000000000000000000;135079,000000000000000000;135972,000000000000000000
492;136841,000000000000000000;135079,000000000000000000;135978,000000000000000000
493;136841,000000000000000000;135079,000000000000000000;135987,000000000000000000
494;136841,000000000000000000;135079,000000000000000000;135996,000000000000000000
495;136841,000000000000000000;135079,000000000000000000;135999,000000000000000000
496;136841,000000000000000000;135079,000000000000000000;136012,000000000000000000
497;136841,000000000000000000;135079,000000000000000000;136022,000000000000000000
498;136841,000000000000000000;135079,000000000000000000;136027,000000000000000000
499;136841,000000000000000000;135079,000000000000000000;136030,000000000000000000
500;136841,000000000000000000;135079,000000000000000000;136033,000000000000000000
501;136841,000000000000000000;135079,000000000000000000;136038,000000000000000000
502;136841,000000000000000000;135079,000000000000000000;136044,000000000000000000
503;136841,000000000000000000;135079,000000000000000000;136045,000000000000000000
504;136841,000000000000000000;135079,000000000000000000;136053,000000000000000000
505;136841,000000000000000000;135079,000000000000000000;136054,000000000000000000
506;136841,000000000000000000;135079,000000000000000000;136063,000000000000000000
507;136841,000000000000000000;135079,000000000000000000;136065,000000000000000000
508;136841,000000000000000000;135079,000000000000000000;136067,000000000000000000
509;136841,000000000000000000;135079,000000000000000000;136074,000000000000000000
510;136841,000000000000000000;135079,000000000000000000;136078,000000000000000000
511;136841,000000000000000000;135079,000000000000000000;136083,000000000000000000
512;136841,000000000000000000;135079,000000000000000000;136092,000000000000000000
513;136841,000000000000000000;135079,000000000000000000;136095,000000000000000000
514;136841,000000000000000000;135079,000000000000000000;136100,000000000000000000
515;136841,000000000000000000;135113,000000000000000000;136105,000000000000000000
516;136841,000000000000000000;135113,000000000000000000;136108,000000000000000000
517;136841,000000000000000000;135113,000000000000000000;136113,000000000000000000
518;137121,000000000000000000;135113,000000000000000000;136120,000000000000000000
519;137121,000000000000000000;135113,000000000000000000;136122,000000000000000000
520;137121,000000000000000000;135113,000000000000000000;136127,000000000000000000
521;137121,000000000000000000;135113,000000000000000000;136134,000000000000000000
522;137121,000000000000000000;135113,000000000000000000;136140,000000000000000000
523;137121,000000000000000000;135113,000000000000000000;136140,000000000000000000
524;137121,000000000000000000;135113,000000000000000000;136142,000000000000000000
525;137121,000000000000000000;135113,000000000000000000;136147,000000000000000000
526;137121,000000000000000000;135113,000000000000000000;136151,000000000000000000
527;137121,000000000000000000;135113,000000000000000000;136154,000000000000000000
528;137121,000000000000000000;135113,000000000000000000;136161,000000000000000000
529;137121,000000000000000000;135113,000000000000000000;136168,000000000000000000
530;137121,000000000000000000;135113,000000000000000000;136177,000000000000000000
531;137121,000000000000000000;135113,000000000000000000;136186,000000000000000000
532;137121,000000000000000000;135113,000000000000000000;136189,000000000000000000
533;137704,000000000000000000;135113,000000000000000000;136199,000000000000000000
534;137704,000000000000000000;135113,000000000000000000;136202,000000000000000000
535;137704,000000000000000000;135113,000000000000000000;136211,000000000000000000
536;137704,000000000000000000;135113,000000000000000000;136214,000000000000000000
537;137704,000000000000000000;135113,000000000000000000;136217,000000000000000000
538;137704,000000000000000000;135113,000000000000000000;136219,000000000000000000
539;137704,000000000000000000;135113,000000000000000000;136224,000000000000000000
540;137704,000000000000000000;135113,000000000000000000;136227,000000000000000000
541;137704,000000000000000000;135113,000000000000000000;136232,000000000000000000
542;137704,000000000000000000;135113,000000000000000000;136240,000000000000000000
543;137704,000000000000000000;135113,000000000000000000;136244,000000000000000000
544;137704,000000000000000000;135113,000000000000000000;136246,000000000000000000
545;137704,000000000000000000;135113,000000000000000000;136254,000000000000000000
546;137704,000000000000000000;135113,000000000000000000;136257,000000000000000000
547;137704,000000000000000000;135113,000000000000000000;136258,000000000000000000
548;137704,000000000000000000;135113,000000000000000000;136261,000000000000000000
549;137704,000000000000000000;135113,000000000000000000;136264,000000000000000000
550;137704,000000000000000000;135113,000000000000000000;136269,000000000000000000
551;137704,000000000000000000;135113,000000000000000000;136277,000000000000000000
552;137704,000000000000000000;135113,000000000000000000;136283,000000000000000000
553;137704,000000000000000000;135113,000000000000000000;136285,000000000000000000
554;137704,000000000000000000;135113,000000000000000000;136291,000000000000000000
555;137704,000000000000000000;135113,000000000000000000;136296,000000000000000000
556;137704,000000000000000000;135113,000000000000000000;136297,000000000000000000
557;137704,000000000000000000;135113,000000000000000000;136304,000000000000000000
558;137704,000000000000000000;135113,000000000000000000;136311,000000000000000000
559;137704,000000000000000000;135113,000000000000000000;136315,000000000000000000
560;137704,000000000000000000;135113,000000000000000000;136320,000000000000000000
561;137704,000000000000000000;135113,000000000000000000;136323,000000000000000000
562;137704,000000000000000000;135113,000000000000000000;136334,000000000000000000
563;137704,000000000000000000;135113,000000000000000000;136338,000000000000000000
564;137704,000000000000000000;135113,000000000000000000;136345,000000000000000000
565;137704,000000000000000000;135113,000000000000000000;136348,000000000000000000
566;137704,000000000000000000;135113,000000000000000000;136350,000000000000000000
567;137704,000000000000000000;135113,000000000000000000;136354,000000000000000000
568;137704,000000000000000000;135113,000000000000000000;136362,000000000000000000
569;137704,000000000000000000;135113,000000000000000000;136368,000000000000000000
570;137704,000000000000000000;135113,000000000000000000;136372,000000000000000000
571;137704,000000000000000000;135151,000000000000000000;136377,000000000000000000
572;137704,000000000000000000;135151,000000000000000000;136385,000000000000000000
573;137704,000000000000000000;135151,000000000000000000;136386,000000000000000000
574;137704,000000000000000000;135151,000000000000000000;136392,000000000000000000
575;137704,000000000000000000;135151,000000000000000000;136396,000000000000000000
576;137704,000000000000000000;135151,000000000000000000;136399,000000000000000000
577;137704,000000000000000000;135151,000000000000000000;136405,000000000000000000
578;137704,000000000000000000;135151,000000000000000000;136406,000000000000000000
579;137704,000000000000000000;135151,000000000000000000;136411,000000000000000000
580;137704,000000000000000000;135151,000000000000000000;136418,000000000000000000
581;137704,000000000000000000;135151,000000000000000000;136421,000000000000000000
582;137704,000000000000000000;135151,000000000000000000;136424,000000000000000000
583;137704,000000000000000000;135151,000000000000000000;136427,000000000000000000
584;137704,000000000000000000;135151,000000000000000000;136432,000000000000000000
585;137704,000000000000000000;135151,000000000000000000;136440,000000000000000000
586;137704,000000000000000000;135210,000000000000000000;136442,000000000000000000
587;137704,000000000000000000;135210,000000000000000000;136448,000000000000000000
588;137704,000000000000000000;135210,000000000000000000;136451,000000000000000000
589;137704,000000000000000000;135210,000000000000000000;136458,000000000000000000
590;137704,000000000000000000;135210,000000000000000000;136459,000000000000000000
591;137704,000000000000000000;135210,000000000000000000;136463,000000000000000000
592;137704,000000000000000000;135210,000000000000000000;136466,000000000000000000
593;137704,000000000000000000;135210,000000000000000000;136475,000000000000000000
594;137704,000000000000000000;135210,000000000000000000;136482,000000000000000000
595;137704,000000000000000000;135210,000000000000000000;136485,000000000000000000
596;137704,000000000000000000;135210,000000000000000000;136492,000000000000000000
597;137704,000000000000000000;135210,000000000000000000;136493,000000000000000000
598;137704,000000000000000000;135210,000000000000000000;136497,000000000000000000
599;137704,000000000000000000;135210,000000000000000000;136500,000000000000000000
600;137704,000000000000000000;135210,000000000000000000;136504,000000000000000000
601;137704,000000000000000000;135210,000000000000000000;136506,000000000000000000
602;137704,000000000000000000;135210,000000000000000000;136516,000000000000000000
603;137704,000000000000000000;135210,000000000000000000;136525,000000000000000000
604;137704,000000000000000000;135432,000000000000000000;136533,000000000000000000
605;137704,000000000000000000;135432,000000000000000000;136536,000000000000000000
606;137704,000000000000000000;135432,000000000000000000;136539,000000000000000000
607;137704,000000000000000000;135432,000000000000000000;136542,000000000000000000
608;137704,000000000000000000;135432,000000000000000000;136546,000000000000000000
609;137704,000000000000000000;135432,000000000000000000;136555,000000000000000000
610;137704,000000000000000000;135432,000000000000000000;136568,000000000000000000
611;137704,000000000000000000;135432,000000000000000000;136571,000000000000000000
612;137704,000000000000000000;135432,000000000000000000;136574,000000000000000000
613;137704,000000000000000000;135432,000000000000000000;136581,000000000000000000
614;137704,000000000000000000;135432,000000000000000000;136587,000000000000000000
615;137704,000000000000000000;135432,000000000000000000;136594,000000000000000000
616;137704,000000000000000000;135432,000000000000000000;136600,000000000000000000
617;137704,000000000000000000;135432,000000000000000000;136608,000000000000000000
618;137704,000000000000000000;135432,000000000000000000;136612,000000000000000000
619;137704,000000000000000000;135432,000000000000000000;136627,000000000000000000
620;137704,000000000000000000;135432,000000000000000000;136631,000000000000000000
621;137704,000000000000000000;135432,000000000000000000;136637,000000000000000000
622;137704,000000000000000000;135432,000000000000000000;136639,000000000000000000
623;137704,000000000000000000;135432,000000000000000000;136646,000000000000000000
624;137704,000000000000000000;135432,000000000000000000;136655,000000000000000000
625;137704,000000000000000000;135432,000000000000000000;136660,000000000000000000
626;137704,000000000000000000;135432,000000000000000000;136664,000000000000000000
627;137704,000000000000000000;135432,000000000000000000;136670,000000000000000000
628;137704,000000000000000000;135432,000000000000000000;136674,000000000000000000
629;137704,000000000000000000;135432,000000000000000000;136677,000000000000000000
630;137704,000000000000000000;135432,000000000000000000;136678,000000000000000000
631;137704,000000000000000000;135432,000000000000000000;136683,000000000000000000
632;137704,000000000000000000;135432,000000000000000000;136690,000000000000000000
633;137704,000000000000000000;135432,000000000000000000;136694,000000000000000000
634;137704,000000000000000000;135432,000000000000000000;136707,000000000000000000
635;137704,000000000000000000;135432,000000000000000000;136711,000000000000000000
636;137704,000000000000000000;135432,000000000000000000;136716,000000000000000000
637;137704,000000000000000000;135432,000000000000000000;136717,000000000000000000
638;137704,000000000000000000;135432,000000000000000000;136724,000000000000000000
639;137704,000000000000000000;135432,000000000000000000;136729,000000000000000000
640;137704,000000000000000000;135432,000000000000000000;136732,000000000000000000
641;137704,000000000000000000;135432,000000000000000000;136737,000000000000000000
642;137704,000000000000000000;135432,000000000000000000;136739,000000000000000000
643;137704,000000000000000000;135432,000000000000000000;136742,000000000000000000
644;137704,000000000000000000;135432,000000000000000000;136753,000000000000000000
645;137704,000000000000000000;135432,000000000000000000;136757,000000000000000000
646;137704,000000000000000000;135432,000000000000000000;136760,000000000000000000
647;137704,000000000000000000;135490,000000000000000000;136765,000000000000000000
648;137704,000000000000000000;135490,000000000000000000;136766,000000000000000000
649;137704,000000000000000000;135490,000000000000000000;136767,000000000000000000
650;137704,000000000000000000;135490,000000000000000000;136769,000000000000000000
651;137704,000000000000000000;135490,000000000000000000;136778,000000000000000000
652;137704,000000000000000000;135490,000000000000000000;136778,000000000000000000
653;137704,000000000000000000;135490,000000000000000000;136781,000000000000000000
654;137704,000000000000000000;135490,000000000000000000;136782,000000000000000000
655;137704,000000000000000000;135490,000000000000000000;136784,000000000000000000
656;137704,000000000000000000;135490,000000000000000000;136789,000000000000000000
657;137704,000000000000000000;135490,000000000000000000;136793,000000000000000000
658;137704,000000000000000000;135490,000000000000000000;136801,000000000000000000
659;137704,000000000000000000;135490,000000000000000000;136803,000000000000000000
660;137704,000000000000000000;135490,000000000000000000;136808,000000000000000000
661;137704,000000000000000000;136195,000000000000000000;136810,000000000000000000
662;137704,000000000000000000;136195,000000000000000000;136814,000000000000000000
663;137704,000000000000000000;136195,000000000000000000;136815,000000000000000000
664;137704,000000000000000000;136195,000000000000000000;136818,000000000000000000
665;137704,000000000000000000;136195,000000000000000000;136819,000000000000000000
666;137704,000000000000000000;136195,000000000000000000;136825,000000000000000000
667;137704,000000000000000000;136195,000000000000000000;136826,000000000000000000
668;137704,000000000000000000;136195,000000000000000000;136827,000000000000000000
669;137704,000000000000000000;136195,000000000000000000;136828,000000000000000000
670;137704,000000000000000000;136195,000000000000000000;136829,000000000000000000
671;137704,000000000000000000;136195,000000000000000000;136835,000000000000000000
672;137704,000000000000000000;136213,000000000000000000;136838,000000000000000000
673;137704,000000000000000000;136213,000000000000000000;136842,000000000000000000
674;137704,000000000000000000;136213,000000000000000000;136845,000000000000000000
675;137910,000000000000000000;136213,000000000000000000;136850,000000000000000000
676;137910,000000000000000000;136213,000000000000000000;136850,000000000000000000
677;137910,000000000000000000;136213,000000000000000000;136854,000000000000000000
678;137910,000000000000000000;136213,000000000000000000;136860,000000000000000000
679;137910,000000000000000000;136213,000000000000000000;136863,000000000000000000
680;137910,000000000000000000;136213,000000000000000000;136870,000000000000000000
681;137910,000000000000000000;136213,000000000000000000;136870,000000000000000000
682;137910,000000000000000000;136213,000000000000000000;136872,000000000000000000
683;137910,000000000000000000;136213,000000000000000000;136877,000000000000000000
684;137910,000000000000000000;136213,000000000000000000;136882,000000000000000000
685;137910,000000000000000000;136213,000000000000000000;136885,000000000000000000
686;137910,000000000000000000;136213,000000000000000000;136892,000000000000000000
687;137910,000000000000000000;136213,000000000000000000;136893,000000000000000000
688;137910,000000000000000000;136213,000000000000000000;136897,000000000000000000
689;137910,000000000000000000;136213,000000000000000000;136904,000000000000000000
690;137910,000000000000000000;136213,000000000000000000;136908,000000000000000000
691;137910,000000000000000000;136213,000000000000000000;136910,000000000000000000
692;137910,000000000000000000;136213,000000000000000000;136914,000000000000000000
693;137910,000000000000000000;136213,000000000000000000;136918,000000000000000000
694;137910,000000000000000000;136213,000000000000000000;136922,000000000000000000
695;137910,000000000000000000;136213,000000000000000000;136926,000000000000000000
696;137910,000000000000000000;136213,000000000000000000;136930,000000000000000000
697;137910,000000000000000000;136213,000000000000000000;136933,000000000000000000
698;137910,000000000000000000;136213,000000000000000000;136936,000000000000000000
699;137910,000000000000000000;136213,000000000000000000;136940,000000000000000000
700;137910,000000000000000000;136213,000000000000000000;136945,000000000000000000
701;137910,000000000000000000;136213,000000000000000000;136949,000000000000000000
702;137910,000000000000000000;136213,000000000000000000;136957,000000000000000000
703;137910,000000000000000000;136213,000000000000000000;136961,000000000000000000
704;137910,000000000000000000;136213,000000000000000000;136965,000000000000000000
705;137910,000000000000000000;136213,000000000000000000;136969,000000000000000000
706;137910,000000000000000000;136213,000000000000000000;136972,000000000000000000
707;137910,000000000000000000;136303,000000000000000000;136975,000000000000000000
708;137910,000000000000000000;136303,000000000000000000;136978,000000000000000000
709;137910,000000000000000000;136303,000000000000000000;136980,000000000000000000
710;137910,000000000000000000;136303,000000000000000000;136989,000000000000000000
711;137910,000000000000000000;136303,000000000000000000;136993,000000000000000000
712;137910,000000000000000000;136303,000000000000000000;136998,000000000000000000
713;137910,000000000000000000;136303,000000000000000000;137000,000000000000000000
714;137910,000000000000000000;136303,000000000000000000;137005,000000000000000000
715;137910,000000000000000000;136303,000000000000000000;137007,000000000000000000
716;137910,000000000000000000;136303,000000000000000000;137009,000000000000000000
717;137910,000000000000000000;136303,000000000000000000;137012,000000000000000000
718;137910,000000000000000000;136303,000000000000000000;137017,000000000000000000
719;137910,000000000000000000;136303,000000000000000000;137024,000000000000000000
720;137910,000000000000000000;136303,000000000000000000;137026,000000000000000000
721;137910,000000000000000000;136303,000000000000000000;137027,000000000000000000
722;137910,000000000000000000;136303,000000000000000000;137029,000000000000000000
723;137910,000000000000000000;136303,000000000000000000;137033,000000000000000000
724;137910,000000000000000000;136303,000000000000000000;137041,000000000000000000
725;137910,000000000000000000;136303,000000000000000000;137044,000000000000000000
726;137910,000000000000000000;136303,000000000000000000;137044,000000000000000000
727;137910,000000000000000000;136303,000000000000000000;137046,000000000000000000
728;137910,000000000000000000;136303,000000000000000000;137047,000000000000000000
729;137910,000000000000000000;136303,000000000000000000;137049,000000000000000000
730;137910,000000000000000000;136303,000000000000000000;137057,000000000000000000
731;137910,000000000000000000;136303,000000000000000000;137062,000000000000000000
732;137910,000000000000000000;136303,000000000000000000;137062,000000000000000000
733;137910,000000000000000000;136303,000000000000000000;137064,000000000000000000
734;137910,000000000000000000;136303,000000000000000000;137067,000000000000000000
735;137910,000000000000000000;136303,000000000000000000;137068,000000000000000000
736;137910,000000000000000000;136303,000000000000000000;137072,000000000000000000
737;137910,000000000000000000;136303,000000000000000000;137078,000000000000000000
738;137910,000000000000000000;136303,000000000000000000;137083,000000000000000000
739;137910,000000000000000000;136303,000000000000000000;137084,000000000000000000
740;137910,000000000000000000;136303,000000000000000000;137087,000000000000000000
741;137910,000000000000000000;136303,000000000000000000;137094,000000000000000000
742;137910,000000000000000000;136303,000000000000000000;137095,000000000000000000
743;137910,000000000000000000;136303,000000000000000000;137095,000000000000000000
744;137910,000000000000000000;136303,000000000000000000;137098,000000000000000000
745;137910,000000000000000000;136303,000000000000000000;137104,000000000000000000
746;137910,000000000000000000;136303,000000000000000000;137107,000000000000000000
747;137910,000000000000000000;136303,000000000000000000;137110,000000000000000000
748;137910,000000000000000000;136303,000000000000000000;137112,000000000000000000
749;137910,000000000000000000;136303,000000000000000000;137113,000000000000000000
750;137910,000000000000000000;136303,000000000000000000;137117,000000000000000000
751;137910,000000000000000000;136303,000000000000000000;137123,000000000000000000
752;137910,000000000000000000;136303,000000000000000000;137125,000000000000000000
753;137910,000000000000000000;136303,000000000000000000;137132,000000000000000000
754;137910,000000000000000000;136303,000000000000000000;137135,000000000000000000
755;137910,000000000000000000;136303,000000000000000000;137136,000000000000000000
756;137910,000000000000000000;136303,000000000000000000;137137,000000000000000000
757;137910,000000000000000000;136303,000000000000000000;137140,000000000000000000
758;137910,000000000000000000;136303,000000000000000000;137147,000000000000000000
759;137910,000000000000000000;136303,000000000000000000;137154,000000000000000000
760;137910,000000000000000000;136303,000000000000000000;137156,000000000000000000
761;137910,000000000000000000;136303,000000000000000000;137159,000000000000000000
762;137910,000000000000000000;136303,000000000000000000;137159,000000000000000000
763;137910,000000000000000000;136303,000000000000000000;137162,000000000000000000
764;137910,000000000000000000;136303,000000000000000000;137166,000000000000000000
765;137910,000000000000000000;136303,000000000000000000;137173,000000000000000000
766;137910,000000000000000000;136303,000000000000000000;137180,000000000000000000
767;137910,000000000000000000;136303,000000000000000000;137183,000000000000000000
768;137910,000000000000000000;136303,000000000000000000;137186,000000000000000000
769;137910,000000000000000000;136303,000000000000000000;137189,000000000000000000
770;137910,000000000000000000;136303,000000000000000000;137192,000000000000000000
771;137910,000000000000000000;136303,000000000000000000;137202,000000000000000000
772;137910,000000000000000000;136303,000000000000000000;137202,000000000000000000
773;137910,000000000000000000;136303,000000000000000000;137205,000000000000000000
774;137910,000000000000000000;136303,000000000000000000;137211,000000000000000000
775;137910,000000000000000000;136303,000000000000000000;137211,000000000000000000
776;137910,000000000000000000;136303,000000000000000000;137214,000000000000000000
777;137910,000000000000000000;136303,000000000000000000;137215,000000000000000000
778;137910,000000000000000000;136303,000000000000000000;137216,000000000000000000
779;137910,000000000000000000;136303,000000000000000000;137219,000000000000000000
780;137910,000000000000000000;136303,000000000000000000;137219,000000000000000000
781;137910,000000000000000000;136303,000000000000000000;137221,000000000000000000
782;137910,000000000000000000;136303,000000000000000000;137226,000000000000000000
783;137910,000000000000000000;136303,000000000000000000;137226,000000000000000000
784;137910,000000000000000000;136303,000000000000000000;137228,000000000000000000
785;137910,000000000000000000;136303,000000000000000000;137235,000000000000000000
786;137910,000000000000000000;136303,000000000000000000;137235,000000000000000000
787;137910,000000000000000000;136303,000000000000000000;137237,000000000000000000
788;137910,000000000000000000;136303,000000000000000000;137239,000000000000000000
789;137910,000000000000000000;136303,000000000000000000;137242,000000000000000000
790;137910,000000000000000000;136303,000000000000000000;137244,000000000000000000
791;137910,000000000000000000;136303,000000000000000000;137247,000000000000000000
792;137910,000000000000000000;136303,000000000000000000;137251,000000000000000000
793;137910,000000000000000000;136303,000000000000000000;137251,000000000000000000
794;137910,000000000000000000;136303,000000000000000000;137251,000000000000000000
795;137910,000000000000000000;136303,000000000000000000;137253,000000000000000000
796;137910,000000000000000000;136303,000000000000000000;137254,000000000000000000
797;137910,000000000000000000;136303,000000000000000000;137259,000000000000000000
798;137910,000000000000000000;136303,000000000000000000;137259,000000000000000000
799;137910,000000000000000000;136303,000000000000000000;137262,000000000000000000
800;137910,000000000000000000;136303,000000000000000000;137264,000000000000000000
801;137910,000000000000000000;136303,000000000000000000;137268,000000000000000000
802;137910,000000000000000000;136303,000000000000000000;137270,000000000000000000
803;137910,000000000000000000;136303,000000000000000000;137272,000000000000000000
804;137910,000000000000000000;136303,000000000000000000;137274,000000000000000000
805;137910,000000000000000000;136303,000000000000000000;137277,000000000000000000
806;137910,000000000000000000;136303,000000000000000000;137280,000000000000000000
807;137910,000000000000000000;136303,000000000000000000;137283,000000000000000000
808;137910,000000000000000000;136303,000000000000000000;137284,000000000000000000
809;137910,000000000000000000;136303,000000000000000000;137285,000000000000000000
810;137910,000000000000000000;136303,000000000000000000;137288,000000000000000000
811;137910,000000000000000000;136303,000000000000000000;137290,000000000000000000
812;137910,000000000000000000;136303,000000000000000000;137293,000000000000000000
813;137910,000000000000000000;136303,000000000000000000;137294,000000000000000000
814;137910,000000000000000000;136303,000000000000000000;137299,000000000000000000
815;137910,000000000000000000;136303,000000000000000000;137301,000000000000000000
816;137910,000000000000000000;136303,000000000000000000;137304,000000000000000000
817;137910,000000000000000000;136303,000000000000000000;137305,000000000000000000
818;137910,000000000000000000;136303,000000000000000000;137307,000000000000000000
819;137910,000000000000000000;136303,000000000000000000;137309,000000000000000000
820;137910,000000000000000000;136303,000000000000000000;137309,000000000000000000
821;137910,000000000000000000;136303,000000000000000000;137312,000000000000000000
822;137910,000000000000000000;136303,000000000000000000;137315,000000000000000000
823;137910,000000000000000000;136303,000000000000000000;137315,000000000000000000
824;137910,000000000000000000;136303,000000000000000000;137316,000000000000000000
825;137910,000000000000000000;136303,000000000000000000;137317,000000000000000000
826;137910,000000000000000000;136303,000000000000000000;137317,000000000000000000
827;137910,000000000000000000;136303,000000000000000000;137318,000000000000000000
828;137910,000000000000000000;136303,000000000000000000;137319,000000000000000000
829;137910,000000000000000000;136303,000000000000000000;137321,000000000000000000
830;137910,000000000000000000;136342,000000000000000000;137324,000000000000000000
831;137910,000000000000000000;136342,000000000000000000;137326,000000000000000000
832;137910,000000000000000000;136342,000000000000000000;137327,000000000000000000
833;137910,000000000000000000;136342,000000000000000000;137330,000000000000000000
834;137910,000000000000000000;136342,000000000000000000;137331,000000000000000000
835;137910,000000000000000000;136342,000000000000000000;137332,000000000000000000
836;137910,000000000000000000;136342,000000000000000000;137333,000000000000000000
837;137910,000000000000000000;136342,000000000000000000;137334,000000000000000000
838;137910,000000000000000000;136342,000000000000000000;137337,000000000000000000
839;137910,000000000000000000;136342,000000000000000000;137338,000000000000000000
840;137910,000000000000000000;136342,000000000000000000;137340,000000000000000000
841;137910,000000000000000000;136342,000000000000000000;137342,000000000000000000
842;137910,000000000000000000;136342,000000000000000000;137342,000000000000000000
843;137910,000000000000000000;136342,000000000000000000;137342,000000000000000000
844;137910,000000000000000000;136342,000000000000000000;137342,000000000000000000
845;137910,000000000000000000;136342,000000000000000000;137344,000000000000000000
846;137910,000000000000000000;136342,000000000000000000;137344,000000000000000000
847;137910,000000000000000000;136342,000000000000000000;137345,000000000000000000
848;137910,000000000000000000;136342,000000000000000000;137345,000000000000000000
849;137910,000000000000000000;136342,000000000000000000;137346,000000000000000000
850;137910,000000000000000000;136342,000000000000000000;137346,000000000000000000
851;137910,000000000000000000;136342,000000000000000000;137350,000000000000000000
852;137910,000000000000000000;136342,000000000000000000;137351,000000000000000000
853;137910,000000000000000000;136342,000000000000000000;137352,000000000000000000
854;137910,000000000000000000;136342,000000000000000000;137352,000000000000000000
855;137910,000000000000000000;136342,000000000000000000;137355,000000000000000000
856;137910,000000000000000000;136342,000000000000000000;137356,000000000000000000
857;137910,000000000000000000;136342,000000000000000000;137358,000000000000000000
858;137910,000000000000000000;136342,000000000000000000;137359,000000000000000000
859;137910,000000000000000000;136342,000000000000000000;137361,000000000000000000
860;137910,000000000000000000;136342,000000000000000000;137361,000000000000000000
861;137910,000000000000000000;136342,000000000000000000;137363,000000000000000000
862;137910,000000000000000000;136342,000000000000000000;137365,000000000000000000
863;137910,000000000000000000;136342,000000000000000000;137365,000000000000000000
864;137910,000000000000000000;136342,000000000000000000;137366,000000000000000000
865;137910,000000000000000000;136342,000000000000000000;137366,000000000000000000
866;137910,000000000000000000;136342,000000000000000000;137366,000000000000000000
867;137910,000000000000000000;136342,000000000000000000;137367,000000000000000000
868;137910,000000000000000000;136342,000000000000000000;137368,000000000000000000
869;137910,000000000000000000;136342,000000000000000000;137369,000000000000000000
870;137910,000000000000000000;136342,000000000000000000;137370,000000000000000000
871;137910,000000000000000000;136342,000000000000000000;137370,000000000000000000
872;137910,000000000000000000;136342,000000000000000000;137371,000000000000000000
873;137910,000000000000000000;136342,000000000000000000;137375,000000000000000000
874;137910,000000000000000000;136342,000000000000000000;137378,000000000000000000
875;137910,000000000000000000;136342,000000000000000000;137378,000000000000000000
876;137910,000000000000000000;136342,000000000000000000;137380,000000000000000000
877;137910,000000000000000000;136342,000000000000000000;137381,000000000000000000
878;137910,000000000000000000;136342,000000000000000000;137384,000000000000000000
879;137910,000000000000000000;136342,000000000000000000;137386,000000000000000000
880;137910,000000000000000000;136342,000000000000000000;137389,000000000000000000
881;137910,000000000000000000;136342,000000000000000000;137392,000000000000000000
882;137910,000000000000000000;136342,000000000000000000;137394,000000000000000000
883;137910,000000000000000000;136342,000000000000000000;137394,000000000000000000
884;137910,000000000000000000;136342,000000000000000000;137394,000000000000000000
885;137910,000000000000000000;136342,000000000000000000;137394,000000000000000000
886;137910,000000000000000000;136342,000000000000000000;137396,000000000000000000
887;137910,000000000000000000;136342,000000000000000000;137396,000000000000000000
888;137910,000000000000000000;136342,000000000000000000;137396,000000000000000000
889;137910,000000000000000000;136342,000000000000000000;137398,000000000000000000
890;137910,000000000000000000;136342,000000000000000000;137398,000000000000000000
891;137910,000000000000000000;136342,000000000000000000;137400,000000000000000000
892;137910,000000000000000000;136342,000000000000000000;137402,000000000000000000
893;137910,000000000000000000;136342,000000000000000000;137404,000000000000000000
894;137910,000000000000000000;136342,000000000000000000;137406,000000000000000000
895;137910,000000000000000000;136342,000000000000000000;137406,000000000000000000
896;137910,000000000000000000;136342,000000000000000000;137406,000000000000000000
897;137910,000000000000000000;136342,000000000000000000;137406,000000000000000000
898;137910,000000000000000000;136342,000000000000000000;137406,000000000000000000
899;137910,000000000000000000;136342,000000000000000000;137407,000000000000000000
900;137910,000000000000000000;136342,000000000000000000;137407,000000000000000000
901;137910,000000000000000000;136342,000000000000000000;137411,000000000000000000
902;137910,000000000000000000;136342,000000000000000000;137414,000000000000000000
903;137910,000000000000000000;136342,000000000000000000;137414,000000000000000000
904;137910,000000000000000000;136342,000000000000000000;137415,000000000000000000
905;137910,000000000000000000;136342,000000000000000000;137415,000000000000000000
906;137910,000000000000000000;136342,000000000000000000;137416,000000000000000000
907;137910,000000000000000000;136342,000000000000000000;137416,000000000000000000
908;137910,000000000000000000;136342,000000000000000000;137419,000000000000000000
909;137910,000000000000000000;136342,000000000000000000;137421,000000000000000000
910;137910,000000000000000000;136342,000000000000000000;137421,000000000000000000
911;137910,000000000000000000;136342,000000000000000000;137421,000000000000000000
912;137910,000000000000000000;136342,000000000000000000;137422,000000000000000000
913;137910,000000000000000000;136818,000000000000000000;137423,000000000000000000
914;137910,000000000000000000;136818,000000000000000000;137425,000000000000000000
915;137910,000000000000000000;136818,000000000000000000;137425,000000000000000000
916;137910,000000000000000000;136818,000000000000000000;137425,000000000000000000
917;137910,000000000000000000;136818,000000000000000000;137428,000000000000000000
918;137910,000000000000000000;136818,000000000000000000;137429,000000000000000000
919;137910,000000000000000000;136818,000000000000000000;137431,000000000000000000
920;137910,000000000000000000;136818,000000000000000000;137431,000000000000000000
921;137910,000000000000000000;136818,000000000000000000;137433,000000000000000000
922;138000,000000000000000000;136818,000000000000000000;137433,000000000000000000
923;138000,000000000000000000;136818,000000000000000000;137435,000000000000000000
924;138000,000000000000000000;136818,000000000000000000;137437,000000000000000000
925;138000,000000000000000000;136818,000000000000000000;137437,000000000000000000
926;138000,000000000000000000;136818,000000000000000000;137440,000000000000000000
927;138000,000000000000000000;136818,000000000000000000;137442,000000000000000000
928;138000,000000000000000000;136818,000000000000000000;137444,000000000000000000
929;138000,000000000000000000;136818,000000000000000000;137445,000000000000000000
930;138000,000000000000000000;136818,000000000000000000;137446,000000000000000000
931;138000,000000000000000000;136818,000000000000000000;137447,000000000000000000
932;138000,000000000000000000;136818,000000000000000000;137447,000000000000000000
933;138000,000000000000000000;136818,000000000000000000;137447,000000000000000000
934;138000,000000000000000000;136818,000000000000000000;137447,000000000000000000
935;138000,000000000000000000;136818,000000000000000000;137447,000000000000000000
936;138000,000000000000000000;136818,000000000000000000;137448,000000000000000000
937;138000,000000000000000000;136818,000000000000000000;137450,000000000000000000
938;138000,000000000000000000;136818,000000000000000000;137450,000000000000000000
939;138000,000000000000000000;136818,000000000000000000;137453,000000000000000000
940;138000,000000000000000000;136818,000000000000000000;137453,000000000000000000
941;138000,000000000000000000;136818,000000000000000000;137455,000000000000000000
942;138000,000000000000000000;136818,000000000000000000;137457,000000000000000000
943;138000,000000000000000000;136818,000000000000000000;137457,000000000000000000
944;138000,000000000000000000;136818,000000000000000000;137457,000000000000000000
945;138000,000000000000000000;136818,000000000000000000;137457,000000000000000000
946;138000,000000000000000000;136818,000000000000000000;137458,000000000000000000
947;138000,000000000000000000;136818,000000000000000000;137461,000000000000000000
948;138000,000000000000000000;136818,000000000000000000;137461,000000000000000000
949;138000,000000000000000000;136818,000000000000000000;137461,000000000000000000
950;138000,000000000000000000;136818,000000000000000000;137461,000000000000000000
951;138000,000000000000000000;136818,000000000000000000;137463,000000000000000000
952;138000,000000000000000000;136818,000000000000000000;137465,000000000000000000
953;138000,000000000000000000;136818,000000000000000000;137467,000000000000000000
954;138000,000000000000000000;136818,000000000000000000;137468,000000000000000000
955;138000,000000000000000000;136818,000000000000000000;137468,000000000000000000
956;138000,000000000000000000;136818,000000000000000000;137469,000000000000000000
957;138000,000000000000000000;136818,000000000000000000;137472,000000000000000000
958;138000,000000000000000000;136818,000000000000000000;137472,000000000000000000
959;138000,000000000000000000;136818,000000000000000000;137475,000000000000000000
960;138000,000000000000000000;136818,000000000000000000;137475,000000000000000000
961;138000,000000000000000000;136818,000000000000000000;137476,000000000000000000
962;138000,000000000000000000;136818,000000000000000000;137479,000000000000000000
963;138000,000000000000000000;136818,000000000000000000;137479,000000000000000000
964;138000,000000000000000000;136818,000000000000000000;137481,000000000000000000
965;138000,000000000000000000;136818,000000000000000000;137481,000000000000000000
966;138000,000000000000000000;136818,000000000000000000;137481,000000000000000000
967;138000,000000000000000000;136818,000000000000000000;137481,000000000000000000
968;138000,000000000000000000;136818,000000000000000000;137481,000000000000000000
969;138000,000000000000000000;136818,000000000000000000;137484,000000000000000000
970;138000,000000000000000000;136818,000000000000000000;137484,000000000000000000
971;138000,000000000000000000;136818,000000000000000000;137485,000000000000000000
972;138000,000000000000000000;136818,000000000000000000;137486,000000000000000000
973;138000,000000000000000000;136818,000000000000000000;137486,000000000000000000
974;138000,000000000000000000;136818,000000000000000000;137486,000000000000000000
975;138000,000000000000000000;136818,000000000000000000;137487,000000000000000000
976;138000,000000000000000000;136818,000000000000000000;137487,000000000000000000
977;138000,000000000000000000;136818,000000000000000000;137489,000000000000000000
978;138000,000000000000000000;136818,000000000000000000;137489,000000000000000000
979;138000,000000000000000000;136818,000000000000000000;137490,000000000000000000
980;138000,000000000000000000;136818,000000000000000000;137490,000000000000000000
981;138000,000000000000000000;136818,000000000000000000;137491,000000000000000000
982;138000,000000000000000000;136818,000000000000000000;137493,000000000000000000
983;138000,000000000000000000;136818,000000000000000000;137494,000000000000000000
984;138000,000000000000000000;136818,000000000000000000;137496,000000000000000000
985;138000,000000000000000000;136818,000000000000000000;137498,000000000000000000
986;138000,000000000000000000;136818,000000000000000000;137500,000000000000000000
987;138000,000000000000000000;136818,000000000000000000;137501,000000000000000000
988;138000,000000000000000000;136818,000000000000000000;137502,000000000000000000
989;138000,000000000000000000;136818,000000000000000000;137505,000000000000000000
990;138000,000000000000000000;136818,000000000000000000;137505,000000000000000000
991;138000,000000000000000000;136818,000000000000000000;137505,000000000000000000
992;138000,000000000000000000;136818,000000000000000000;137506,000000000000000000
993;138000,000000000000000000;136818,000000000000000000;137507,000000000000000000
994;138000,000000000000000000;136818,000000000000000000;137509,000000000000000000
995;138000,000000000000000000;136818,000000000000000000;137510,000000000000000000
996;138000,000000000000000000;136818,000000000000000000;137511,000000000000000000
997;138000,000000000000000000;136818,000000000000000000;137512,000000000000000000
998;138000,000000000000000000;136818,000000000000000000;137515,000000000000000000
999;138000,000000000000000000;136818,000000000000000000;137516,000000000000000000
