0;15500,000000000000000000;8744,000000000000000000;12035,000000000000000000
1;15500,000000000000000000;8907,000000000000000000;12713,000000000000000000
2;15500,000000000000000000;9486,000000000000000000;13050,000000000000000000
3;15500,000000000000000000;9608,000000000000000000;13361,000000000000000000
4;15500,000000000000000000;10703,000000000000000000;13594,000000000000000000
5;15500,000000000000000000;10790,000000000000000000;13732,000000000000000000
6;15500,000000000000000000;10790,000000000000000000;13876,000000000000000000
7;15500,000000000000000000;10790,000000000000000000;13960,000000000000000000
8;15500,000000000000000000;11863,000000000000000000;14069,000000000000000000
9;15500,000000000000000000;11863,000000000000000000;14157,000000000000000000
10;15500,000000000000000000;11863,000000000000000000;14229,000000000000000000
11;15500,000000000000000000;12455,000000000000000000;14302,000000000000000000
12;15500,000000000000000000;12455,000000000000000000;14365,000000000000000000
13;15641,000000000000000000;12455,000000000000000000;14424,000000000000000000
14;15641,000000000000000000;12455,000000000000000000;14481,000000000000000000
15;15641,000000000000000000;12455,000000000000000000;14520,000000000000000000
16;15641,000000000000000000;12871,000000000000000000;14568,000000000000000000
17;15641,000000000000000000;12871,000000000000000000;14597,000000000000000000
18;15641,000000000000000000;12871,000000000000000000;14649,000000000000000000
19;15641,000000000000000000;12871,000000000000000000;14684,000000000000000000
20;15641,000000000000000000;13271,000000000000000000;14718,000000000000000000
21;15641,000000000000000000;13271,000000000000000000;14753,000000000000000000
22;15641,000000000000000000;13271,000000000000000000;14786,000000000000000000
23;15641,000000000000000000;13271,000000000000000000;14806,000000000000000000
24;15641,000000000000000000;13711,000000000000000000;14829,000000000000000000
25;15641,000000000000000000;13711,000000000000000000;14855,000000000000000000
26;15708,000000000000000000;13711,000000000000000000;14875,000000000000000000
27;15708,000000000000000000;13711,000000000000000000;14894,000000000000000000
28;15708,000000000000000000;13810,000000000000000000;14909,000000000000000000
29;15708,000000000000000000;13810,000000000000000000;14929,000000000000000000
30;15708,000000000000000000;13810,000000000000000000;14943,000000000000000000
31;15708,000000000000000000;13810,000000000000000000;14962,000000000000000000
32;15708,000000000000000000;13810,000000000000000000;14973,000000000000000000
33;15708,000000000000000000;13810,000000000000000000;14996,000000000000000000
34;15708,000000000000000000;13810,000000000000000000;15006,000000000000000000
35;15795,000000000000000000;13834,000000000000000000;15017,000000000000000000
36;15820,000000000000000000;13834,000000000000000000;15030,000000000000000000
37;15820,000000000000000000;13834,000000000000000000;15051,000000000000000000
38;15820,000000000000000000;13834,000000000000000000;15065,000000000000000000
39;15820,000000000000000000;13884,000000000000000000;15086,000000000000000000
40;15820,000000000000000000;14202,000000000000000000;15105,000000000000000000
41;15820,000000000000000000;14202,000000000000000000;15121,000000000000000000
42;15820,000000000000000000;14202,000000000000000000;15134,000000000000000000
43;15820,000000000000000000;14202,000000000000000000;15148,000000000000000000
44;15820,000000000000000000;14226,000000000000000000;15162,000000000000000000
45;15820,000000000000000000;14226,000000000000000000;15172,000000000000000000
46;15876,000000000000000000;14226,000000000000000000;15178,000000000000000000
47;15876,000000000000000000;14281,000000000000000000;15188,000000000000000000
48;15876,000000000000000000;14281,000000000000000000;15200,000000000000000000
49;15876,000000000000000000;14302,000000000000000000;15213,000000000000000000
50;15876,000000000000000000;14302,000000000000000000;15220,000000000000000000
51;15876,000000000000000000;14302,000000000000000000;15229,000000000000000000
52;15876,000000000000000000;14302,000000000000000000;15238,000000000000000000
53;15876,000000000000000000;14302,000000000000000000;15247,000000000000000000
54;15876,000000000000000000;14329,000000000000000000;15259,000000000000000000
55;15876,000000000000000000;14511,000000000000000000;15270,000000000000000000
56;15876,000000000000000000;14511,000000000000000000;15279,000000000000000000
57;15876,000000000000000000;14511,000000000000000000;15287,000000000000000000
58;15876,000000000000000000;14511,000000000000000000;15297,000000000000000000
59;15876,000000000000000000;14511,000000000000000000;15308,000000000000000000
60;15876,000000000000000000;14511,000000000000000000;15317,000000000000000000
61;15876,000000000000000000;14511,000000000000000000;15328,000000000000000000
62;15876,000000000000000000;14511,000000000000000000;15336,000000000000000000
63;15876,000000000000000000;14511,000000000000000000;15348,000000000000000000
64;15876,000000000000000000;14511,000000000000000000;15354,000000000000000000
65;15876,000000000000000000;14511,000000000000000000;15362,000000000000000000
66;15876,000000000000000000;14511,000000000000000000;15367,000000000000000000
67;15876,000000000000000000;14511,000000000000000000;15374,000000000000000000
68;15876,000000000000000000;14511,000000000000000000;15381,000000000000000000
69;15876,000000000000000000;14511,000000000000000000;15394,000000000000000000
70;15876,000000000000000000;14511,000000000000000000;15402,000000000000000000
71;15876,000000000000000000;14511,000000000000000000;15413,000000000000000000
72;15876,000000000000000000;14511,000000000000000000;15422,000000000000000000
73;15876,000000000000000000;14511,000000000000000000;15428,000000000000000000
74;15876,000000000000000000;14511,000000000000000000;15434,000000000000000000
75;15876,000000000000000000;14511,000000000000000000;15443,000000000000000000
76;15876,000000000000000000;14511,000000000000000000;15450,000000000000000000
77;15876,000000000000000000;14511,000000000000000000;15455,000000000000000000
78;15876,000000000000000000;14511,000000000000000000;15463,000000000000000000
79;15876,000000000000000000;14511,000000000000000000;15470,000000000000000000
80;15876,000000000000000000;14511,000000000000000000;15473,000000000000000000
81;15876,000000000000000000;14511,000000000000000000;15480,000000000000000000
82;16131,000000000000000000;14511,000000000000000000;15485,000000000000000000
83;16131,000000000000000000;14511,000000000000000000;15491,000000000000000000
84;16131,000000000000000000;14511,000000000000000000;15495,000000000000000000
85;16131,000000000000000000;14511,000000000000000000;15501,000000000000000000
86;16131,000000000000000000;14511,000000000000000000;15505,000000000000000000
87;16131,000000000000000000;14511,000000000000000000;15510,000000000000000000
88;16131,000000000000000000;14677,000000000000000000;15513,000000000000000000
89;16131,000000000000000000;14677,000000000000000000;15519,000000000000000000
90;16131,000000000000000000;14677,000000000000000000;15521,000000000000000000
91;16212,000000000000000000;14758,000000000000000000;15530,000000000000000000
92;16212,000000000000000000;14758,000000000000000000;15532,000000000000000000
93;16212,000000000000000000;14758,000000000000000000;15536,000000000000000000
94;16212,000000000000000000;14758,000000000000000000;15539,000000000000000000
95;16212,000000000000000000;14758,000000000000000000;15542,000000000000000000
96;16212,000000000000000000;14758,000000000000000000;15546,000000000000000000
97;16212,000000000000000000;14758,000000000000000000;15550,000000000000000000
98;16212,000000000000000000;14758,000000000000000000;15552,000000000000000000
99;16212,000000000000000000;14758,000000000000000000;15554,000000000000000000
100;16212,000000000000000000;14758,000000000000000000;15558,000000000000000000
101;16212,000000000000000000;14758,000000000000000000;15561,000000000000000000
102;16212,000000000000000000;14758,000000000000000000;15564,000000000000000000
103;16212,000000000000000000;14758,000000000000000000;15565,000000000000000000
104;16212,000000000000000000;14758,000000000000000000;15569,000000000000000000
105;16212,000000000000000000;14758,000000000000000000;15571,000000000000000000
106;16212,000000000000000000;14758,000000000000000000;15576,000000000000000000
107;16212,000000000000000000;14758,000000000000000000;15580,000000000000000000
108;16212,000000000000000000;14758,000000000000000000;15588,000000000000000000
109;16212,000000000000000000;14758,000000000000000000;15593,000000000000000000
110;16212,000000000000000000;14758,000000000000000000;15597,000000000000000000
111;16212,000000000000000000;14758,000000000000000000;15601,000000000000000000
112;16212,000000000000000000;14758,000000000000000000;15604,000000000000000000
113;16212,000000000000000000;14758,000000000000000000;15610,000000000000000000
114;16212,000000000000000000;14758,000000000000000000;15617,000000000000000000
115;16212,000000000000000000;14758,000000000000000000;15623,000000000000000000
116;16212,000000000000000000;14758,000000000000000000;15628,000000000000000000
117;16212,000000000000000000;14758,000000000000000000;15630,000000000000000000
118;16212,000000000000000000;14758,000000000000000000;15634,000000000000000000
119;16212,000000000000000000;14758,000000000000000000;15637,000000000000000000
120;16212,000000000000000000;14758,000000000000000000;15639,000000000000000000
121;16212,000000000000000000;14758,000000000000000000;15641,000000000000000000
122;16212,000000000000000000;14758,000000000000000000;15644,000000000000000000
123;16212,000000000000000000;15039,000000000000000000;15651,000000000000000000
124;16212,000000000000000000;15039,000000000000000000;15656,000000000000000000
125;16212,000000000000000000;15039,000000000000000000;15662,000000000000000000
126;16212,000000000000000000;15039,000000000000000000;15668,000000000000000000
127;16212,000000000000000000;15039,000000000000000000;15671,000000000000000000
128;16212,000000000000000000;15076,000000000000000000;15676,000000000000000000
129;16212,000000000000000000;15076,000000000000000000;15679,000000000000000000
130;16212,000000000000000000;15076,000000000000000000;15682,000000000000000000
131;16212,000000000000000000;15076,000000000000000000;15684,000000000000000000
132;16212,000000000000000000;15076,000000000000000000;15687,000000000000000000
133;16212,000000000000000000;15076,000000000000000000;15689,000000000000000000
134;16212,000000000000000000;15076,000000000000000000;15690,000000000000000000
135;16212,000000000000000000;15076,000000000000000000;15692,000000000000000000
136;16212,000000000000000000;15076,000000000000000000;15694,000000000000000000
137;16212,000000000000000000;15076,000000000000000000;15696,000000000000000000
138;16212,000000000000000000;15076,000000000000000000;15698,000000000000000000
139;16212,000000000000000000;15076,000000000000000000;15701,000000000000000000
140;16212,000000000000000000;15076,000000000000000000;15703,000000000000000000
141;16212,000000000000000000;15076,000000000000000000;15703,000000000000000000
142;16212,000000000000000000;15076,000000000000000000;15706,000000000000000000
143;16212,000000000000000000;15076,000000000000000000;15706,000000000000000000
144;16212,000000000000000000;15076,000000000000000000;15709,000000000000000000
145;16212,000000000000000000;15076,000000000000000000;15711,000000000000000000
146;16212,000000000000000000;15076,000000000000000000;15714,000000000000000000
147;16212,000000000000000000;15076,000000000000000000;15718,000000000000000000
148;16212,000000000000000000;15076,000000000000000000;15719,000000000000000000
149;16212,000000000000000000;15076,000000000000000000;15720,000000000000000000
150;16212,000000000000000000;15076,000000000000000000;15725,000000000000000000
151;16212,000000000000000000;15076,000000000000000000;15727,000000000000000000
152;16212,000000000000000000;15076,000000000000000000;15729,000000000000000000
153;16212,000000000000000000;15076,000000000000000000;15732,000000000000000000
154;16212,000000000000000000;15076,000000000000000000;15732,000000000000000000
155;16212,000000000000000000;15304,000000000000000000;15737,000000000000000000
156;16212,000000000000000000;15304,000000000000000000;15741,000000000000000000
157;16212,000000000000000000;15304,000000000000000000;15745,000000000000000000
158;16212,000000000000000000;15304,000000000000000000;15747,000000000000000000
159;16212,000000000000000000;15304,000000000000000000;15748,000000000000000000
160;16212,000000000000000000;15304,000000000000000000;15749,000000000000000000
161;16212,000000000000000000;15304,000000000000000000;15750,000000000000000000
162;16212,000000000000000000;15304,000000000000000000;15755,000000000000000000
163;16212,000000000000000000;15319,000000000000000000;15759,000000000000000000
164;16212,000000000000000000;15319,000000000000000000;15763,000000000000000000
165;16212,000000000000000000;15319,000000000000000000;15767,000000000000000000
166;16212,000000000000000000;15319,000000000000000000;15768,000000000000000000
167;16212,000000000000000000;15319,000000000000000000;15771,000000000000000000
168;16212,000000000000000000;15319,000000000000000000;15773,000000000000000000
169;16212,000000000000000000;15319,000000000000000000;15776,000000000000000000
170;16212,000000000000000000;15319,000000000000000000;15777,000000000000000000
171;16212,000000000000000000;15319,000000000000000000;15779,000000000000000000
172;16212,000000000000000000;15319,000000000000000000;15782,000000000000000000
173;16212,000000000000000000;15319,000000000000000000;15783,000000000000000000
174;16212,000000000000000000;15319,000000000000000000;15785,000000000000000000
175;16212,000000000000000000;15319,000000000000000000;15785,000000000000000000
176;16212,000000000000000000;15319,000000000000000000;15787,000000000000000000
177;16212,000000000000000000;15319,000000000000000000;15791,000000000000000000
178;16212,000000000000000000;15319,000000000000000000;15794,000000000000000000
179;16212,000000000000000000;15319,000000000000000000;15796,000000000000000000
180;16212,000000000000000000;15319,000000000000000000;15797,000000000000000000
181;16212,000000000000000000;15319,000000000000000000;15798,000000000000000000
182;16212,000000000000000000;15319,000000000000000000;15800,000000000000000000
183;16212,000000000000000000;15319,000000000000000000;15802,000000000000000000
184;16212,000000000000000000;15319,000000000000000000;15802,000000000000000000
185;16212,000000000000000000;15319,000000000000000000;15804,000000000000000000
186;16212,000000000000000000;15319,000000000000000000;15805,000000000000000000
187;16212,000000000000000000;15319,000000000000000000;15808,000000000000000000
188;16212,000000000000000000;15319,000000000000000000;15811,000000000000000000
189;16212,000000000000000000;15319,000000000000000000;15811,000000000000000000
190;16212,000000000000000000;15319,000000000000000000;15813,000000000000000000
191;16212,000000000000000000;15319,000000000000000000;15814,000000000000000000
192;16212,000000000000000000;15319,000000000000000000;15815,000000000000000000
193;16212,000000000000000000;15319,000000000000000000;15816,000000000000000000
194;16212,000000000000000000;15319,000000000000000000;15817,000000000000000000
195;16212,000000000000000000;15319,000000000000000000;15818,000000000000000000
196;16212,000000000000000000;15319,000000000000000000;15818,000000000000000000
197;16212,000000000000000000;15319,000000000000000000;15821,000000000000000000
198;16212,000000000000000000;15319,000000000000000000;15822,000000000000000000
199;16212,000000000000000000;15319,000000000000000000;15822,000000000000000000
200;16212,000000000000000000;15319,000000000000000000;15826,000000000000000000
201;16212,000000000000000000;15319,000000000000000000;15827,000000000000000000
202;16212,000000000000000000;15319,000000000000000000;15828,000000000000000000
203;16212,000000000000000000;15319,000000000000000000;15830,000000000000000000
204;16212,000000000000000000;15319,000000000000000000;15833,000000000000000000
205;16212,000000000000000000;15319,000000000000000000;15833,000000000000000000
206;16212,000000000000000000;15319,000000000000000000;15834,000000000000000000
207;16212,000000000000000000;15319,000000000000000000;15837,000000000000000000
208;16212,000000000000000000;15419,000000000000000000;15839,000000000000000000
209;16212,000000000000000000;15419,000000000000000000;15839,000000000000000000
210;16212,000000000000000000;15419,000000000000000000;15842,000000000000000000
211;16212,000000000000000000;15419,000000000000000000;15846,000000000000000000
212;16212,000000000000000000;15419,000000000000000000;15846,000000000000000000
213;16212,000000000000000000;15419,000000000000000000;15847,000000000000000000
214;16212,000000000000000000;15419,000000000000000000;15848,000000000000000000
215;16212,000000000000000000;15419,000000000000000000;15853,000000000000000000
216;16212,000000000000000000;15419,000000000000000000;15856,000000000000000000
217;16212,000000000000000000;15419,000000000000000000;15858,000000000000000000
218;16212,000000000000000000;15419,000000000000000000;15863,000000000000000000
219;16212,000000000000000000;15419,000000000000000000;15864,000000000000000000
220;16212,000000000000000000;15419,000000000000000000;15866,000000000000000000
221;16212,000000000000000000;15419,000000000000000000;15870,000000000000000000
222;16212,000000000000000000;15419,000000000000000000;15874,000000000000000000
223;16212,000000000000000000;15419,000000000000000000;15875,000000000000000000
224;16212,000000000000000000;15419,000000000000000000;15877,000000000000000000
225;16212,000000000000000000;15419,000000000000000000;15881,000000000000000000
226;16212,000000000000000000;15419,000000000000000000;15882,000000000000000000
227;16212,000000000000000000;15419,000000000000000000;15884,000000000000000000
228;16212,000000000000000000;15419,000000000000000000;15885,000000000000000000
229;16212,000000000000000000;15419,000000000000000000;15887,000000000000000000
230;16212,000000000000000000;15419,000000000000000000;15887,000000000000000000
231;16212,000000000000000000;15419,000000000000000000;15888,000000000000000000
232;16212,000000000000000000;15419,000000000000000000;15888,000000000000000000
233;16212,000000000000000000;15419,000000000000000000;15890,000000000000000000
234;16212,000000000000000000;15419,000000000000000000;15891,000000000000000000
235;16212,000000000000000000;15419,000000000000000000;15893,000000000000000000
236;16212,000000000000000000;15419,000000000000000000;15896,000000000000000000
237;16212,000000000000000000;15419,000000000000000000;15898,000000000000000000
238;16212,000000000000000000;15419,000000000000000000;15898,000000000000000000
239;16212,000000000000000000;15419,000000000000000000;15900,000000000000000000
240;16212,000000000000000000;15419,000000000000000000;15903,000000000000000000
241;16212,000000000000000000;15419,000000000000000000;15906,000000000000000000
242;16212,000000000000000000;15419,000000000000000000;15908,000000000000000000
243;16212,000000000000000000;15419,000000000000000000;15910,000000000000000000
244;16212,000000000000000000;15419,000000000000000000;15911,000000000000000000
245;16212,000000000000000000;15419,000000000000000000;15913,000000000000000000
246;16212,000000000000000000;15419,000000000000000000;15915,000000000000000000
247;16212,000000000000000000;15419,000000000000000000;15917,000000000000000000
248;16212,000000000000000000;15419,000000000000000000;15917,000000000000000000
249;16212,000000000000000000;15419,000000000000000000;15921,000000000000000000
250;16212,000000000000000000;15419,000000000000000000;15924,000000000000000000
251;16212,000000000000000000;15419,000000000000000000;15927,000000000000000000
252;16212,000000000000000000;15419,000000000000000000;15928,000000000000000000
253;16212,000000000000000000;15419,000000000000000000;15929,000000000000000000
254;16212,000000000000000000;15419,000000000000000000;15930,000000000000000000
255;16212,000000000000000000;15419,000000000000000000;15931,000000000000000000
256;16212,000000000000000000;15419,000000000000000000;15934,000000000000000000
257;16212,000000000000000000;15419,000000000000000000;15936,000000000000000000
258;16212,000000000000000000;15419,000000000000000000;15936,000000000000000000
259;16212,000000000000000000;15419,000000000000000000;15939,000000000000000000
260;16212,000000000000000000;15419,000000000000000000;15940,000000000000000000
261;16212,000000000000000000;15419,000000000000000000;15943,000000000000000000
262;16212,000000000000000000;15419,000000000000000000;15943,000000000000000000
263;16212,000000000000000000;15419,000000000000000000;15945,000000000000000000
264;16212,000000000000000000;15419,000000000000000000;15947,000000000000000000
265;16212,000000000000000000;15419,000000000000000000;15949,000000000000000000
266;16212,000000000000000000;15419,000000000000000000;15952,000000000000000000
267;16212,000000000000000000;15419,000000000000000000;15956,000000000000000000
268;16212,000000000000000000;15419,000000000000000000;15961,000000000000000000
269;16212,000000000000000000;15419,000000000000000000;15964,000000000000000000
270;16212,000000000000000000;15419,000000000000000000;15967,000000000000000000
271;16212,000000000000000000;15419,000000000000000000;15968,000000000000000000
272;16212,000000000000000000;15419,000000000000000000;15971,000000000000000000
273;16212,000000000000000000;15419,000000000000000000;15976,000000000000000000
274;16212,000000000000000000;15419,000000000000000000;15979,000000000000000000
275;16212,000000000000000000;15419,000000000000000000;15979,000000000000000000
276;16212,000000000000000000;15419,000000000000000000;15982,000000000000000000
277;16212,000000000000000000;15419,000000000000000000;15985,000000000000000000
278;16212,000000000000000000;15419,000000000000000000;15988,000000000000000000
279;16212,000000000000000000;15419,000000000000000000;15989,000000000000000000
280;16212,000000000000000000;15419,000000000000000000;15989,000000000000000000
281;16212,000000000000000000;15419,000000000000000000;15991,000000000000000000
282;16212,000000000000000000;15419,000000000000000000;15992,000000000000000000
283;16212,000000000000000000;15419,000000000000000000;15993,000000000000000000
284;16212,000000000000000000;15419,000000000000000000;15995,000000000000000000
285;16212,000000000000000000;15419,000000000000000000;15996,000000000000000000
286;16212,000000000000000000;15419,000000000000000000;15999,000000000000000000
287;16212,000000000000000000;15419,000000000000000000;16001,000000000000000000
288;16212,000000000000000000;15419,000000000000000000;16002,000000000000000000
289;16212,000000000000000000;15419,000000000000000000;16003,000000000000000000
290;16212,000000000000000000;15419,000000000000000000;16005,000000000000000000
291;16212,000000000000000000;15419,000000000000000000;16008,000000000000000000
292;16212,000000000000000000;15419,000000000000000000;16008,000000000000000000
293;16212,000000000000000000;15419,000000000000000000;16010,000000000000000000
294;16212,000000000000000000;15419,000000000000000000;16013,000000000000000000
295;16212,000000000000000000;15419,000000000000000000;16015,000000000000000000
296;16212,000000000000000000;15419,000000000000000000;16019,000000000000000000
297;16212,000000000000000000;15419,000000000000000000;16019,000000000000000000
298;16212,000000000000000000;15419,000000000000000000;16023,000000000000000000
299;16212,000000000000000000;15585,000000000000000000;16027,000000000000000000
300;16212,000000000000000000;15585,000000000000000000;16028,000000000000000000
301;16212,000000000000000000;15585,000000000000000000;16031,000000000000000000
302;16212,000000000000000000;15585,000000000000000000;16033,000000000000000000
303;16212,000000000000000000;15585,000000000000000000;16034,000000000000000000
304;16212,000000000000000000;15585,000000000000000000;16036,000000000000000000
305;16212,000000000000000000;15585,000000000000000000;16036,000000000000000000
306;16212,000000000000000000;15585,000000000000000000;16039,000000000000000000
307;16212,000000000000000000;15585,000000000000000000;16041,000000000000000000
308;16212,000000000000000000;15585,000000000000000000;16043,000000000000000000
309;16212,000000000000000000;15585,000000000000000000;16045,000000000000000000
310;16212,000000000000000000;15585,000000000000000000;16047,000000000000000000
311;16212,000000000000000000;15585,000000000000000000;16050,000000000000000000
312;16212,000000000000000000;15585,000000000000000000;16051,000000000000000000
313;16212,000000000000000000;15585,000000000000000000;16052,000000000000000000
314;16212,000000000000000000;15585,000000000000000000;16053,000000000000000000
315;16212,000000000000000000;15585,000000000000000000;16055,000000000000000000
316;16212,000000000000000000;15585,000000000000000000;16056,000000000000000000
317;16212,000000000000000000;15585,000000000000000000;16058,000000000000000000
318;16212,000000000000000000;15585,000000000000000000;16059,000000000000000000
319;16212,000000000000000000;15585,000000000000000000;16062,000000000000000000
320;16212,000000000000000000;15585,000000000000000000;16065,000000000000000000
321;16212,000000000000000000;15585,000000000000000000;16067,000000000000000000
322;16212,000000000000000000;15585,000000000000000000;16068,000000000000000000
323;16212,000000000000000000;15585,000000000000000000;16068,000000000000000000
324;16212,000000000000000000;15585,000000000000000000;16070,000000000000000000
325;16212,000000000000000000;15585,000000000000000000;16071,000000000000000000
326;16212,000000000000000000;15585,000000000000000000;16071,000000000000000000
327;16212,000000000000000000;15585,000000000000000000;16072,000000000000000000
328;16212,000000000000000000;15585,000000000000000000;16073,000000000000000000
329;16212,000000000000000000;15585,000000000000000000;16074,000000000000000000
330;16212,000000000000000000;15585,000000000000000000;16075,000000000000000000
331;16212,000000000000000000;15585,000000000000000000;16076,000000000000000000
332;16212,000000000000000000;15585,000000000000000000;16078,000000000000000000
333;16212,000000000000000000;15585,000000000000000000;16079,000000000000000000
334;16212,000000000000000000;15585,000000000000000000;16080,000000000000000000
335;16212,000000000000000000;15585,000000000000000000;16082,000000000000000000
336;16212,000000000000000000;15585,000000000000000000;16085,000000000000000000
337;16212,000000000000000000;15585,000000000000000000;16086,000000000000000000
338;16212,000000000000000000;15585,000000000000000000;16088,000000000000000000
339;16212,000000000000000000;15585,000000000000000000;16091,000000000000000000
340;16212,000000000000000000;15585,000000000000000000;16091,000000000000000000
341;16212,000000000000000000;15851,000000000000000000;16094,000000000000000000
342;16212,000000000000000000;15851,000000000000000000;16094,000000000000000000
343;16212,000000000000000000;15851,000000000000000000;16094,000000000000000000
344;16212,000000000000000000;15851,000000000000000000;16094,000000000000000000
345;16212,000000000000000000;15851,000000000000000000;16094,000000000000000000
346;16212,000000000000000000;15851,000000000000000000;16094,000000000000000000
347;16212,000000000000000000;15851,000000000000000000;16095,000000000000000000
348;16212,000000000000000000;15851,000000000000000000;16095,000000000000000000
349;16212,000000000000000000;15851,000000000000000000;16095,000000000000000000
350;16212,000000000000000000;15851,000000000000000000;16095,000000000000000000
351;16212,000000000000000000;15851,000000000000000000;16096,000000000000000000
352;16212,000000000000000000;15851,000000000000000000;16096,000000000000000000
353;16212,000000000000000000;15851,000000000000000000;16096,000000000000000000
354;16212,000000000000000000;15851,000000000000000000;16096,000000000000000000
355;16212,000000000000000000;15851,000000000000000000;16098,000000000000000000
356;16212,000000000000000000;15851,000000000000000000;16098,000000000000000000
357;16212,000000000000000000;15851,000000000000000000;16099,000000000000000000
358;16212,000000000000000000;15851,000000000000000000;16100,000000000000000000
359;16212,000000000000000000;15851,000000000000000000;16101,000000000000000000
360;16212,000000000000000000;15851,000000000000000000;16102,000000000000000000
361;16212,000000000000000000;15851,000000000000000000;16102,000000000000000000
362;16212,000000000000000000;15851,000000000000000000;16103,000000000000000000
363;16212,000000000000000000;15851,000000000000000000;16105,000000000000000000
364;16212,000000000000000000;15851,000000000000000000;16106,000000000000000000
365;16212,000000000000000000;15851,000000000000000000;16107,000000000000000000
366;16212,000000000000000000;15851,000000000000000000;16107,000000000000000000
367;16212,000000000000000000;15851,000000000000000000;16108,000000000000000000
368;16212,000000000000000000;15851,000000000000000000;16110,000000000000000000
369;16212,000000000000000000;15851,000000000000000000;16111,000000000000000000
370;16212,000000000000000000;15851,000000000000000000;16111,000000000000000000
371;16212,000000000000000000;15851,000000000000000000;16111,000000000000000000
372;16212,000000000000000000;15851,000000000000000000;16113,000000000000000000
373;16212,000000000000000000;15851,000000000000000000;16114,000000000000000000
374;16212,000000000000000000;15851,000000000000000000;16114,000000000000000000
375;16212,000000000000000000;15851,000000000000000000;16114,000000000000000000
376;16212,000000000000000000;15851,000000000000000000;16115,000000000000000000
377;16212,000000000000000000;15851,000000000000000000;16115,000000000000000000
378;16212,000000000000000000;15851,000000000000000000;16115,000000000000000000
379;16212,000000000000000000;15851,000000000000000000;16117,000000000000000000
380;16212,000000000000000000;15851,000000000000000000;16117,000000000000000000
381;16212,000000000000000000;15851,000000000000000000;16117,000000000000000000
382;16212,000000000000000000;15851,000000000000000000;16117,000000000000000000
383;16212,000000000000000000;15851,000000000000000000;16118,000000000000000000
384;16212,000000000000000000;15851,000000000000000000;16119,000000000000000000
385;16212,000000000000000000;15851,000000000000000000;16120,000000000000000000
386;16212,000000000000000000;15851,000000000000000000;16121,000000000000000000
387;16212,000000000000000000;15851,000000000000000000;16121,000000000000000000
388;16212,000000000000000000;15851,000000000000000000;16122,000000000000000000
389;16212,000000000000000000;15851,000000000000000000;16124,000000000000000000
390;16212,000000000000000000;15851,000000000000000000;16125,000000000000000000
391;16212,000000000000000000;15851,000000000000000000;16126,000000000000000000
392;16212,000000000000000000;15851,000000000000000000;16129,000000000000000000
393;16212,000000000000000000;15851,000000000000000000;16130,000000000000000000
394;16212,000000000000000000;15851,000000000000000000;16131,000000000000000000
395;16212,000000000000000000;15851,000000000000000000;16131,000000000000000000
396;16212,000000000000000000;15851,000000000000000000;16133,000000000000000000
397;16212,000000000000000000;15851,000000000000000000;16134,000000000000000000
398;16212,000000000000000000;15851,000000000000000000;16134,000000000000000000
399;16212,000000000000000000;15851,000000000000000000;16135,000000000000000000
400;16212,000000000000000000;15851,000000000000000000;16136,000000000000000000
401;16212,000000000000000000;15851,000000000000000000;16136,000000000000000000
402;16212,000000000000000000;15851,000000000000000000;16136,000000000000000000
403;16212,000000000000000000;15851,000000000000000000;16138,000000000000000000
404;16212,000000000000000000;15851,000000000000000000;16140,000000000000000000
405;16212,000000000000000000;15851,000000000000000000;16140,000000000000000000
406;16212,000000000000000000;15851,000000000000000000;16141,000000000000000000
407;16212,000000000000000000;15851,000000000000000000;16142,000000000000000000
408;16212,000000000000000000;15851,000000000000000000;16143,000000000000000000
409;16212,000000000000000000;15851,000000000000000000;16143,000000000000000000
410;16212,000000000000000000;15851,000000000000000000;16143,000000000000000000
411;16212,000000000000000000;15851,000000000000000000;16144,000000000000000000
412;16212,000000000000000000;15851,000000000000000000;16145,000000000000000000
413;16212,000000000000000000;15851,000000000000000000;16145,000000000000000000
414;16212,000000000000000000;15851,000000000000000000;16145,000000000000000000
415;16212,000000000000000000;15851,000000000000000000;16145,000000000000000000
416;16212,000000000000000000;15851,000000000000000000;16146,000000000000000000
417;16212,000000000000000000;15851,000000000000000000;16147,000000000000000000
418;16212,000000000000000000;15851,000000000000000000;16147,000000000000000000
419;16212,000000000000000000;15851,000000000000000000;16147,000000000000000000
420;16212,000000000000000000;15851,000000000000000000;16147,000000000000000000
421;16212,000000000000000000;15851,000000000000000000;16147,000000000000000000
422;16212,000000000000000000;15851,000000000000000000;16148,000000000000000000
423;16212,000000000000000000;15851,000000000000000000;16148,000000000000000000
424;16212,000000000000000000;15851,000000000000000000;16149,000000000000000000
425;16212,000000000000000000;15851,000000000000000000;16149,000000000000000000
426;16212,000000000000000000;15851,000000000000000000;16149,000000000000000000
427;16212,000000000000000000;15851,000000000000000000;16149,000000000000000000
428;16212,000000000000000000;15851,000000000000000000;16150,000000000000000000
429;16212,000000000000000000;15851,000000000000000000;16150,000000000000000000
430;16212,000000000000000000;15851,000000000000000000;16151,000000000000000000
431;16212,000000000000000000;15851,000000000000000000;16151,000000000000000000
432;16212,000000000000000000;15851,000000000000000000;16152,000000000000000000
433;16212,000000000000000000;15851,000000000000000000;16152,000000000000000000
434;16212,000000000000000000;15851,000000000000000000;16152,000000000000000000
435;16212,000000000000000000;15851,000000000000000000;16152,000000000000000000
436;16212,000000000000000000;15851,000000000000000000;16153,000000000000000000
437;16212,000000000000000000;15851,000000000000000000;16154,000000000000000000
438;16212,000000000000000000;15851,000000000000000000;16154,000000000000000000
439;16212,000000000000000000;15851,000000000000000000;16156,000000000000000000
440;16212,000000000000000000;15851,000000000000000000;16156,000000000000000000
441;16212,000000000000000000;15851,000000000000000000;16156,000000000000000000
442;16212,000000000000000000;15851,000000000000000000;16157,000000000000000000
443;16212,000000000000000000;15851,000000000000000000;16158,000000000000000000
444;16212,000000000000000000;15851,000000000000000000;16158,000000000000000000
445;16212,000000000000000000;15851,000000000000000000;16158,000000000000000000
446;16212,000000000000000000;15851,000000000000000000;16158,000000000000000000
447;16212,000000000000000000;15851,000000000000000000;16158,000000000000000000
448;16212,000000000000000000;15851,000000000000000000;16158,000000000000000000
449;16212,000000000000000000;15851,000000000000000000;16159,000000000000000000
450;16212,000000000000000000;15851,000000000000000000;16159,000000000000000000
451;16212,000000000000000000;15851,000000000000000000;16159,000000000000000000
452;16212,000000000000000000;15851,000000000000000000;16159,000000000000000000
453;16212,000000000000000000;15851,000000000000000000;16159,000000000000000000
454;16212,000000000000000000;15851,000000000000000000;16159,000000000000000000
455;16212,000000000000000000;15851,000000000000000000;16160,000000000000000000
456;16212,000000000000000000;15851,000000000000000000;16160,000000000000000000
457;16212,000000000000000000;15851,000000000000000000;16161,000000000000000000
458;16241,000000000000000000;15851,000000000000000000;16161,000000000000000000
459;16241,000000000000000000;15851,000000000000000000;16163,000000000000000000
460;16241,000000000000000000;15851,000000000000000000;16164,000000000000000000
461;16241,000000000000000000;15851,000000000000000000;16164,000000000000000000
462;16241,000000000000000000;15851,000000000000000000;16165,000000000000000000
463;16241,000000000000000000;15851,000000000000000000;16166,000000000000000000
464;16241,000000000000000000;15851,000000000000000000;16166,000000000000000000
465;16241,000000000000000000;15851,000000000000000000;16166,000000000000000000
466;16241,000000000000000000;15851,000000000000000000;16167,000000000000000000
467;16241,000000000000000000;15851,000000000000000000;16167,000000000000000000
468;16241,000000000000000000;15851,000000000000000000;16168,000000000000000000
469;16241,000000000000000000;15851,000000000000000000;16168,000000000000000000
470;16241,000000000000000000;15851,000000000000000000;16169,000000000000000000
471;16241,000000000000000000;15851,000000000000000000;16170,000000000000000000
472;16241,000000000000000000;15851,000000000000000000;16171,000000000000000000
473;16241,000000000000000000;15851,000000000000000000;16171,000000000000000000
474;16241,000000000000000000;15851,000000000000000000;16173,000000000000000000
475;16241,000000000000000000;15851,000000000000000000;16174,000000000000000000
476;16241,000000000000000000;15851,000000000000000000;16174,000000000000000000
477;16241,000000000000000000;15851,000000000000000000;16176,000000000000000000
478;16241,000000000000000000;15851,000000000000000000;16178,000000000000000000
479;16241,000000000000000000;15851,000000000000000000;16178,000000000000000000
480;16241,000000000000000000;16089,000000000000000000;16179,000000000000000000
481;16241,000000000000000000;16089,000000000000000000;16179,000000000000000000
482;16241,000000000000000000;16089,000000000000000000;16180,000000000000000000
483;16241,000000000000000000;16089,000000000000000000;16180,000000000000000000
484;16241,000000000000000000;16089,000000000000000000;16180,000000000000000000
485;16241,000000000000000000;16089,000000000000000000;16181,000000000000000000
486;16241,000000000000000000;16089,000000000000000000;16181,000000000000000000
487;16241,000000000000000000;16089,000000000000000000;16182,000000000000000000
488;16241,000000000000000000;16089,000000000000000000;16182,000000000000000000
489;16241,000000000000000000;16089,000000000000000000;16182,000000000000000000
490;16241,000000000000000000;16089,000000000000000000;16182,000000000000000000
491;16241,000000000000000000;16089,000000000000000000;16183,000000000000000000
492;16241,000000000000000000;16089,000000000000000000;16183,000000000000000000
493;16241,000000000000000000;16089,000000000000000000;16183,000000000000000000
494;16241,000000000000000000;16089,000000000000000000;16183,000000000000000000
495;16241,000000000000000000;16089,000000000000000000;16184,000000000000000000
496;16241,000000000000000000;16089,000000000000000000;16184,000000000000000000
497;16241,000000000000000000;16089,000000000000000000;16184,000000000000000000
498;16241,000000000000000000;16089,000000000000000000;16184,000000000000000000
499;16241,000000000000000000;16089,000000000000000000;16185,000000000000000000
500;16241,000000000000000000;16089,000000000000000000;16185,000000000000000000
501;16241,000000000000000000;16089,000000000000000000;16185,000000000000000000
502;16241,000000000000000000;16089,000000000000000000;16185,000000000000000000
503;16241,000000000000000000;16089,000000000000000000;16185,000000000000000000
504;16241,000000000000000000;16089,000000000000000000;16185,000000000000000000
505;16241,000000000000000000;16089,000000000000000000;16185,000000000000000000
506;16241,000000000000000000;16089,000000000000000000;16185,000000000000000000
507;16241,000000000000000000;16089,000000000000000000;16185,000000000000000000
508;16241,000000000000000000;16089,000000000000000000;16186,000000000000000000
509;16241,000000000000000000;16089,000000000000000000;16186,000000000000000000
510;16241,000000000000000000;16089,000000000000000000;16186,000000000000000000
511;16241,000000000000000000;16089,000000000000000000;16186,000000000000000000
512;16241,000000000000000000;16089,000000000000000000;16187,000000000000000000
513;16241,000000000000000000;16089,000000000000000000;16187,000000000000000000
514;16241,000000000000000000;16089,000000000000000000;16187,000000000000000000
515;16241,000000000000000000;16089,000000000000000000;16188,000000000000000000
516;16241,000000000000000000;16089,000000000000000000;16188,000000000000000000
517;16241,000000000000000000;16089,000000000000000000;16188,000000000000000000
518;16241,000000000000000000;16089,000000000000000000;16188,000000000000000000
519;16241,000000000000000000;16089,000000000000000000;16189,000000000000000000
520;16241,000000000000000000;16089,000000000000000000;16189,000000000000000000
521;16241,000000000000000000;16089,000000000000000000;16189,000000000000000000
522;16241,000000000000000000;16089,000000000000000000;16189,000000000000000000
523;16241,000000000000000000;16089,000000000000000000;16190,000000000000000000
524;16241,000000000000000000;16089,000000000000000000;16190,000000000000000000
525;16241,000000000000000000;16089,000000000000000000;16190,000000000000000000
526;16241,000000000000000000;16089,000000000000000000;16190,000000000000000000
527;16241,000000000000000000;16089,000000000000000000;16190,000000000000000000
528;16241,000000000000000000;16089,000000000000000000;16191,000000000000000000
529;16241,000000000000000000;16089,000000000000000000;16191,000000000000000000
530;16241,000000000000000000;16089,000000000000000000;16192,000000000000000000
531;16241,000000000000000000;16089,000000000000000000;16192,000000000000000000
532;16241,000000000000000000;16089,000000000000000000;16192,000000000000000000
533;16241,000000000000000000;16089,000000000000000000;16192,000000000000000000
534;16241,000000000000000000;16089,000000000000000000;16192,000000000000000000
535;16241,000000000000000000;16089,000000000000000000;16193,000000000000000000
536;16241,000000000000000000;16089,000000000000000000;16193,000000000000000000
537;16241,000000000000000000;16089,000000000000000000;16194,000000000000000000
538;16241,000000000000000000;16089,000000000000000000;16194,000000000000000000
539;16241,000000000000000000;16089,000000000000000000;16194,000000000000000000
540;16241,000000000000000000;16089,000000000000000000;16194,000000000000000000
541;16241,000000000000000000;16089,000000000000000000;16194,000000000000000000
542;16241,000000000000000000;16089,000000000000000000;16195,000000000000000000
543;16241,000000000000000000;16089,000000000000000000;16195,000000000000000000
544;16241,000000000000000000;16089,000000000000000000;16195,000000000000000000
545;16241,000000000000000000;16089,000000000000000000;16196,000000000000000000
546;16241,000000000000000000;16089,000000000000000000;16196,000000000000000000
547;16241,000000000000000000;16089,000000000000000000;16196,000000000000000000
548;16241,000000000000000000;16089,000000000000000000;16196,000000000000000000
549;16241,000000000000000000;16089,000000000000000000;16197,000000000000000000
550;16241,000000000000000000;16089,000000000000000000;16197,000000000000000000
551;16241,000000000000000000;16089,000000000000000000;16197,000000000000000000
552;16241,000000000000000000;16089,000000000000000000;16197,000000000000000000
553;16241,000000000000000000;16089,000000000000000000;16197,000000000000000000
554;16241,000000000000000000;16089,000000000000000000;16197,000000000000000000
555;16241,000000000000000000;16089,000000000000000000;16197,000000000000000000
556;16241,000000000000000000;16089,000000000000000000;16197,000000000000000000
557;16241,000000000000000000;16089,000000000000000000;16198,000000000000000000
558;16241,000000000000000000;16089,000000000000000000;16198,000000000000000000
559;16241,000000000000000000;16089,000000000000000000;16198,000000000000000000
560;16241,000000000000000000;16089,000000000000000000;16198,000000000000000000
561;16241,000000000000000000;16089,000000000000000000;16198,000000000000000000
562;16241,000000000000000000;16089,000000000000000000;16198,000000000000000000
563;16241,000000000000000000;16089,000000000000000000;16199,000000000000000000
564;16241,000000000000000000;16089,000000000000000000;16199,000000000000000000
565;16241,000000000000000000;16089,000000000000000000;16199,000000000000000000
566;16241,000000000000000000;16089,000000000000000000;16200,000000000000000000
567;16241,000000000000000000;16089,000000000000000000;16200,000000000000000000
568;16241,000000000000000000;16089,000000000000000000;16200,000000000000000000
569;16241,000000000000000000;16089,000000000000000000;16200,000000000000000000
570;16241,000000000000000000;16089,000000000000000000;16201,000000000000000000
571;16241,000000000000000000;16089,000000000000000000;16201,000000000000000000
572;16241,000000000000000000;16089,000000000000000000;16201,000000000000000000
573;16241,000000000000000000;16089,000000000000000000;16201,000000000000000000
574;16241,000000000000000000;16089,000000000000000000;16202,000000000000000000
575;16241,000000000000000000;16089,000000000000000000;16202,000000000000000000
576;16241,000000000000000000;16089,000000000000000000;16202,000000000000000000
577;16241,000000000000000000;16089,000000000000000000;16202,000000000000000000
578;16241,000000000000000000;16089,000000000000000000;16203,000000000000000000
579;16241,000000000000000000;16089,000000000000000000;16203,000000000000000000
580;16241,000000000000000000;16089,000000000000000000;16203,000000000000000000
581;16241,000000000000000000;16089,000000000000000000;16203,000000000000000000
582;16241,000000000000000000;16089,000000000000000000;16203,000000000000000000
583;16241,000000000000000000;16089,000000000000000000;16204,000000000000000000
584;16241,000000000000000000;16089,000000000000000000;16204,000000000000000000
585;16241,000000000000000000;16089,000000000000000000;16204,000000000000000000
586;16241,000000000000000000;16089,000000000000000000;16204,000000000000000000
587;16241,000000000000000000;16089,000000000000000000;16204,000000000000000000
588;16241,000000000000000000;16089,000000000000000000;16204,000000000000000000
589;16241,000000000000000000;16161,000000000000000000;16205,000000000000000000
590;16241,000000000000000000;16161,000000000000000000;16205,000000000000000000
591;16241,000000000000000000;16161,000000000000000000;16205,000000000000000000
592;16241,000000000000000000;16161,000000000000000000;16205,000000000000000000
593;16241,000000000000000000;16161,000000000000000000;16205,000000000000000000
594;16241,000000000000000000;16161,000000000000000000;16205,000000000000000000
595;16241,000000000000000000;16161,000000000000000000;16206,000000000000000000
596;16241,000000000000000000;16161,000000000000000000;16206,000000000000000000
597;16241,000000000000000000;16161,000000000000000000;16206,000000000000000000
598;16241,000000000000000000;16161,000000000000000000;16206,000000000000000000
599;16241,000000000000000000;16161,000000000000000000;16206,000000000000000000
600;16241,000000000000000000;16161,000000000000000000;16206,000000000000000000
601;16241,000000000000000000;16161,000000000000000000;16206,000000000000000000
602;16241,000000000000000000;16161,000000000000000000;16206,000000000000000000
603;16241,000000000000000000;16161,000000000000000000;16206,000000000000000000
604;16241,000000000000000000;16161,000000000000000000;16206,000000000000000000
605;16241,000000000000000000;16161,000000000000000000;16207,000000000000000000
606;16241,000000000000000000;16161,000000000000000000;16207,000000000000000000
607;16241,000000000000000000;16161,000000000000000000;16207,000000000000000000
608;16241,000000000000000000;16161,000000000000000000;16207,000000000000000000
609;16241,000000000000000000;16161,000000000000000000;16207,000000000000000000
610;16241,000000000000000000;16161,000000000000000000;16207,000000000000000000
611;16241,000000000000000000;16161,000000000000000000;16207,000000000000000000
612;16241,000000000000000000;16161,000000000000000000;16207,000000000000000000
613;16241,000000000000000000;16161,000000000000000000;16207,000000000000000000
614;16241,000000000000000000;16161,000000000000000000;16207,000000000000000000
615;16241,000000000000000000;16161,000000000000000000;16208,000000000000000000
616;16241,000000000000000000;16161,000000000000000000;16208,000000000000000000
617;16241,000000000000000000;16161,000000000000000000;16208,000000000000000000
618;16241,000000000000000000;16161,000000000000000000;16208,000000000000000000
619;16241,000000000000000000;16161,000000000000000000;16208,000000000000000000
620;16241,000000000000000000;16161,000000000000000000;16208,000000000000000000
621;16241,000000000000000000;16161,000000000000000000;16208,000000000000000000
622;16241,000000000000000000;16161,000000000000000000;16208,000000000000000000
623;16241,000000000000000000;16161,000000000000000000;16209,000000000000000000
624;16241,000000000000000000;16161,000000000000000000;16209,000000000000000000
625;16241,000000000000000000;16161,000000000000000000;16209,000000000000000000
626;16241,000000000000000000;16161,000000000000000000;16209,000000000000000000
627;16241,000000000000000000;16161,000000000000000000;16209,000000000000000000
628;16241,000000000000000000;16173,000000000000000000;16209,000000000000000000
629;16241,000000000000000000;16173,000000000000000000;16209,000000000000000000
630;16241,000000000000000000;16173,000000000000000000;16209,000000000000000000
631;16241,000000000000000000;16173,000000000000000000;16209,000000000000000000
632;16241,000000000000000000;16173,000000000000000000;16209,000000000000000000
633;16241,000000000000000000;16173,000000000000000000;16209,000000000000000000
634;16241,000000000000000000;16173,000000000000000000;16209,000000000000000000
635;16241,000000000000000000;16173,000000000000000000;16210,000000000000000000
636;16241,000000000000000000;16173,000000000000000000;16210,000000000000000000
637;16241,000000000000000000;16173,000000000000000000;16210,000000000000000000
638;16241,000000000000000000;16173,000000000000000000;16210,000000000000000000
639;16241,000000000000000000;16173,000000000000000000;16210,000000000000000000
640;16241,000000000000000000;16173,000000000000000000;16210,000000000000000000
641;16241,000000000000000000;16173,000000000000000000;16210,000000000000000000
642;16241,000000000000000000;16173,000000000000000000;16210,000000000000000000
643;16241,000000000000000000;16173,000000000000000000;16210,000000000000000000
644;16241,000000000000000000;16173,000000000000000000;16210,000000000000000000
645;16241,000000000000000000;16173,000000000000000000;16210,000000000000000000
646;16241,000000000000000000;16173,000000000000000000;16210,000000000000000000
647;16241,000000000000000000;16173,000000000000000000;16210,000000000000000000
648;16241,000000000000000000;16173,000000000000000000;16210,000000000000000000
649;16241,000000000000000000;16173,000000000000000000;16210,000000000000000000
650;16241,000000000000000000;16173,000000000000000000;16210,000000000000000000
651;16241,000000000000000000;16173,000000000000000000;16211,000000000000000000
652;16241,000000000000000000;16173,000000000000000000;16211,000000000000000000
653;16241,000000000000000000;16173,000000000000000000;16211,000000000000000000
654;16241,000000000000000000;16173,000000000000000000;16211,000000000000000000
655;16241,000000000000000000;16173,000000000000000000;16211,000000000000000000
656;16241,000000000000000000;16173,000000000000000000;16211,000000000000000000
657;16241,000000000000000000;16173,000000000000000000;16211,000000000000000000
658;16241,000000000000000000;16173,000000000000000000;16211,000000000000000000
659;16241,000000000000000000;16173,000000000000000000;16211,000000000000000000
660;16241,000000000000000000;16173,000000000000000000;16211,000000000000000000
661;16241,000000000000000000;16173,000000000000000000;16211,000000000000000000
662;16241,000000000000000000;16173,000000000000000000;16211,000000000000000000
663;16241,000000000000000000;16173,000000000000000000;16211,000000000000000000
664;16241,000000000000000000;16173,000000000000000000;16211,000000000000000000
665;16241,000000000000000000;16173,000000000000000000;16211,000000000000000000
666;16241,000000000000000000;16173,000000000000000000;16212,000000000000000000
667;16241,000000000000000000;16173,000000000000000000;16212,000000000000000000
668;16241,000000000000000000;16173,000000000000000000;16212,000000000000000000
669;16241,000000000000000000;16173,000000000000000000;16212,000000000000000000
670;16241,000000000000000000;16173,000000000000000000;16212,000000000000000000
671;16241,000000000000000000;16173,000000000000000000;16212,000000000000000000
672;16241,000000000000000000;16173,000000000000000000;16212,000000000000000000
673;16241,000000000000000000;16173,000000000000000000;16212,000000000000000000
674;16241,000000000000000000;16173,000000000000000000;16212,000000000000000000
675;16241,000000000000000000;16173,000000000000000000;16212,000000000000000000
676;16241,000000000000000000;16173,000000000000000000;16212,000000000000000000
677;16241,000000000000000000;16173,000000000000000000;16212,000000000000000000
678;16241,000000000000000000;16173,000000000000000000;16212,000000000000000000
679;16241,000000000000000000;16173,000000000000000000;16212,000000000000000000
680;16241,000000000000000000;16173,000000000000000000;16212,000000000000000000
681;16241,000000000000000000;16173,000000000000000000;16212,000000000000000000
682;16241,000000000000000000;16173,000000000000000000;16212,000000000000000000
683;16241,000000000000000000;16173,000000000000000000;16212,000000000000000000
684;16241,000000000000000000;16173,000000000000000000;16212,000000000000000000
685;16241,000000000000000000;16173,000000000000000000;16212,000000000000000000
686;16241,000000000000000000;16173,000000000000000000;16212,000000000000000000
687;16241,000000000000000000;16173,000000000000000000;16212,000000000000000000
688;16241,000000000000000000;16173,000000000000000000;16212,000000000000000000
689;16241,000000000000000000;16173,000000000000000000;16212,000000000000000000
690;16241,000000000000000000;16173,000000000000000000;16212,000000000000000000
691;16241,000000000000000000;16173,000000000000000000;16213,000000000000000000
692;16241,000000000000000000;16173,000000000000000000;16213,000000000000000000
693;16241,000000000000000000;16173,000000000000000000;16213,000000000000000000
694;16241,000000000000000000;16173,000000000000000000;16213,000000000000000000
695;16241,000000000000000000;16173,000000000000000000;16213,000000000000000000
696;16241,000000000000000000;16173,000000000000000000;16213,000000000000000000
697;16241,000000000000000000;16173,000000000000000000;16213,000000000000000000
698;16241,000000000000000000;16173,000000000000000000;16213,000000000000000000
699;16241,000000000000000000;16173,000000000000000000;16213,000000000000000000
700;16241,000000000000000000;16173,000000000000000000;16213,000000000000000000
701;16241,000000000000000000;16173,000000000000000000;16213,000000000000000000
702;16241,000000000000000000;16173,000000000000000000;16213,000000000000000000
703;16241,000000000000000000;16173,000000000000000000;16213,000000000000000000
704;16241,000000000000000000;16173,000000000000000000;16213,000000000000000000
705;16241,000000000000000000;16173,000000000000000000;16213,000000000000000000
706;16241,000000000000000000;16173,000000000000000000;16213,000000000000000000
707;16241,000000000000000000;16173,000000000000000000;16213,000000000000000000
708;16241,000000000000000000;16173,000000000000000000;16213,000000000000000000
709;16241,000000000000000000;16173,000000000000000000;16214,000000000000000000
710;16241,000000000000000000;16173,000000000000000000;16214,000000000000000000
711;16321,000000000000000000;16173,000000000000000000;16214,000000000000000000
712;16321,000000000000000000;16173,000000000000000000;16214,000000000000000000
713;16321,000000000000000000;16173,000000000000000000;16214,000000000000000000
714;16321,000000000000000000;16173,000000000000000000;16214,000000000000000000
715;16321,000000000000000000;16173,000000000000000000;16215,000000000000000000
716;16321,000000000000000000;16173,000000000000000000;16215,000000000000000000
717;16321,000000000000000000;16173,000000000000000000;16215,000000000000000000
718;16321,000000000000000000;16173,000000000000000000;16215,000000000000000000
719;16321,000000000000000000;16173,000000000000000000;16216,000000000000000000
720;16321,000000000000000000;16173,000000000000000000;16216,000000000000000000
721;16321,000000000000000000;16173,000000000000000000;16216,000000000000000000
722;16321,000000000000000000;16173,000000000000000000;16216,000000000000000000
723;16321,000000000000000000;16173,000000000000000000;16217,000000000000000000
724;16321,000000000000000000;16173,000000000000000000;16217,000000000000000000
725;16321,000000000000000000;16173,000000000000000000;16217,000000000000000000
726;16321,000000000000000000;16173,000000000000000000;16217,000000000000000000
727;16321,000000000000000000;16173,000000000000000000;16217,000000000000000000
728;16321,000000000000000000;16173,000000000000000000;16218,000000000000000000
729;16321,000000000000000000;16173,000000000000000000;16218,000000000000000000
730;16321,000000000000000000;16173,000000000000000000;16218,000000000000000000
731;16321,000000000000000000;16173,000000000000000000;16218,000000000000000000
732;16321,000000000000000000;16173,000000000000000000;16218,000000000000000000
733;16321,000000000000000000;16173,000000000000000000;16218,000000000000000000
734;16321,000000000000000000;16173,000000000000000000;16218,000000000000000000
735;16321,000000000000000000;16173,000000000000000000;16218,000000000000000000
736;16321,000000000000000000;16173,000000000000000000;16219,000000000000000000
737;16321,000000000000000000;16173,000000000000000000;16219,000000000000000000
738;16321,000000000000000000;16173,000000000000000000;16219,000000000000000000
739;16321,000000000000000000;16173,000000000000000000;16219,000000000000000000
740;16321,000000000000000000;16173,000000000000000000;16220,000000000000000000
741;16321,000000000000000000;16173,000000000000000000;16220,000000000000000000
742;16321,000000000000000000;16173,000000000000000000;16220,000000000000000000
743;16321,000000000000000000;16173,000000000000000000;16221,000000000000000000
744;16321,000000000000000000;16173,000000000000000000;16221,000000000000000000
745;16321,000000000000000000;16173,000000000000000000;16221,000000000000000000
746;16321,000000000000000000;16173,000000000000000000;16221,000000000000000000
747;16321,000000000000000000;16173,000000000000000000;16221,000000000000000000
748;16321,000000000000000000;16173,000000000000000000;16221,000000000000000000
749;16321,000000000000000000;16173,000000000000000000;16221,000000000000000000
750;16321,000000000000000000;16173,000000000000000000;16221,000000000000000000
751;16321,000000000000000000;16173,000000000000000000;16221,000000000000000000
752;16321,000000000000000000;16173,000000000000000000;16222,000000000000000000
753;16321,000000000000000000;16173,000000000000000000;16222,000000000000000000
754;16321,000000000000000000;16173,000000000000000000;16222,000000000000000000
755;16321,000000000000000000;16173,000000000000000000;16222,000000000000000000
756;16321,000000000000000000;16173,000000000000000000;16222,000000000000000000
757;16321,000000000000000000;16173,000000000000000000;16222,000000000000000000
758;16321,000000000000000000;16173,000000000000000000;16223,000000000000000000
759;16321,000000000000000000;16173,000000000000000000;16223,000000000000000000
760;16321,000000000000000000;16173,000000000000000000;16223,000000000000000000
761;16321,000000000000000000;16173,000000000000000000;16223,000000000000000000
762;16321,000000000000000000;16173,000000000000000000;16223,000000000000000000
763;16321,000000000000000000;16173,000000000000000000;16223,000000000000000000
764;16321,000000000000000000;16173,000000000000000000;16223,000000000000000000
765;16321,000000000000000000;16173,000000000000000000;16223,000000000000000000
766;16321,000000000000000000;16173,000000000000000000;16223,000000000000000000
767;16321,000000000000000000;16173,000000000000000000;16223,000000000000000000
768;16321,000000000000000000;16173,000000000000000000;16224,000000000000000000
769;16321,000000000000000000;16173,000000000000000000;16224,000000000000000000
770;16321,000000000000000000;16173,000000000000000000;16224,000000000000000000
771;16321,000000000000000000;16173,000000000000000000;16225,000000000000000000
772;16321,000000000000000000;16173,000000000000000000;16225,000000000000000000
773;16321,000000000000000000;16173,000000000000000000;16225,000000000000000000
774;16321,000000000000000000;16173,000000000000000000;16225,000000000000000000
775;16321,000000000000000000;16173,000000000000000000;16225,000000000000000000
776;16321,000000000000000000;16173,000000000000000000;16225,000000000000000000
777;16321,000000000000000000;16173,000000000000000000;16225,000000000000000000
778;16321,000000000000000000;16173,000000000000000000;16225,000000000000000000
779;16321,000000000000000000;16173,000000000000000000;16225,000000000000000000
780;16321,000000000000000000;16173,000000000000000000;16226,000000000000000000
781;16321,000000000000000000;16173,000000000000000000;16226,000000000000000000
782;16321,000000000000000000;16173,000000000000000000;16226,000000000000000000
783;16321,000000000000000000;16173,000000000000000000;16226,000000000000000000
784;16321,000000000000000000;16173,000000000000000000;16227,000000000000000000
785;16321,000000000000000000;16173,000000000000000000;16227,000000000000000000
786;16321,000000000000000000;16173,000000000000000000;16227,000000000000000000
787;16321,000000000000000000;16173,000000000000000000;16228,000000000000000000
788;16321,000000000000000000;16173,000000000000000000;16228,000000000000000000
789;16321,000000000000000000;16173,000000000000000000;16228,000000000000000000
790;16321,000000000000000000;16173,000000000000000000;16229,000000000000000000
791;16321,000000000000000000;16173,000000000000000000;16229,000000000000000000
792;16321,000000000000000000;16173,000000000000000000;16229,000000000000000000
793;16321,000000000000000000;16173,000000000000000000;16230,000000000000000000
794;16321,000000000000000000;16173,000000000000000000;16230,000000000000000000
795;16321,000000000000000000;16173,000000000000000000;16230,000000000000000000
796;16321,000000000000000000;16173,000000000000000000;16230,000000000000000000
797;16321,000000000000000000;16173,000000000000000000;16230,000000000000000000
798;16321,000000000000000000;16173,000000000000000000;16230,000000000000000000
799;16321,000000000000000000;16173,000000000000000000;16230,000000000000000000
800;16321,000000000000000000;16173,000000000000000000;16231,000000000000000000
801;16321,000000000000000000;16173,000000000000000000;16231,000000000000000000
802;16321,000000000000000000;16173,000000000000000000;16231,000000000000000000
803;16321,000000000000000000;16173,000000000000000000;16231,000000000000000000
804;16321,000000000000000000;16173,000000000000000000;16231,000000000000000000
805;16321,000000000000000000;16173,000000000000000000;16231,000000000000000000
806;16321,000000000000000000;16173,000000000000000000;16231,000000000000000000
807;16321,000000000000000000;16173,000000000000000000;16232,000000000000000000
808;16321,000000000000000000;16173,000000000000000000;16232,000000000000000000
809;16321,000000000000000000;16173,000000000000000000;16232,000000000000000000
810;16321,000000000000000000;16173,000000000000000000;16232,000000000000000000
811;16321,000000000000000000;16173,000000000000000000;16232,000000000000000000
812;16321,000000000000000000;16173,000000000000000000;16232,000000000000000000
813;16321,000000000000000000;16173,000000000000000000;16233,000000000000000000
814;16321,000000000000000000;16173,000000000000000000;16233,000000000000000000
815;16321,000000000000000000;16173,000000000000000000;16233,000000000000000000
816;16321,000000000000000000;16173,000000000000000000;16233,000000000000000000
817;16321,000000000000000000;16173,000000000000000000;16233,000000000000000000
818;16321,000000000000000000;16173,000000000000000000;16233,000000000000000000
819;16321,000000000000000000;16173,000000000000000000;16233,000000000000000000
820;16321,000000000000000000;16173,000000000000000000;16234,000000000000000000
821;16321,000000000000000000;16173,000000000000000000;16234,000000000000000000
822;16321,000000000000000000;16173,000000000000000000;16234,000000000000000000
823;16321,000000000000000000;16173,000000000000000000;16234,000000000000000000
824;16321,000000000000000000;16173,000000000000000000;16235,000000000000000000
825;16321,000000000000000000;16173,000000000000000000;16235,000000000000000000
826;16321,000000000000000000;16173,000000000000000000;16235,000000000000000000
827;16321,000000000000000000;16173,000000000000000000;16235,000000000000000000
828;16321,000000000000000000;16173,000000000000000000;16235,000000000000000000
829;16321,000000000000000000;16173,000000000000000000;16235,000000000000000000
830;16321,000000000000000000;16173,000000000000000000;16236,000000000000000000
831;16321,000000000000000000;16173,000000000000000000;16236,000000000000000000
832;16321,000000000000000000;16173,000000000000000000;16236,000000000000000000
833;16321,000000000000000000;16173,000000000000000000;16237,000000000000000000
834;16321,000000000000000000;16173,000000000000000000;16237,000000000000000000
835;16321,000000000000000000;16173,000000000000000000;16237,000000000000000000
836;16321,000000000000000000;16173,000000000000000000;16238,000000000000000000
837;16321,000000000000000000;16173,000000000000000000;16238,000000000000000000
838;16321,000000000000000000;16173,000000000000000000;16238,000000000000000000
839;16321,000000000000000000;16173,000000000000000000;16238,000000000000000000
840;16321,000000000000000000;16173,000000000000000000;16238,000000000000000000
841;16321,000000000000000000;16173,000000000000000000;16238,000000000000000000
842;16321,000000000000000000;16173,000000000000000000;16238,000000000000000000
843;16321,000000000000000000;16173,000000000000000000;16239,000000000000000000
844;16321,000000000000000000;16173,000000000000000000;16239,000000000000000000
845;16321,000000000000000000;16173,000000000000000000;16239,000000000000000000
846;16321,000000000000000000;16173,000000000000000000;16239,000000000000000000
847;16321,000000000000000000;16173,000000000000000000;16239,000000000000000000
848;16321,000000000000000000;16173,000000000000000000;16239,000000000000000000
849;16321,000000000000000000;16173,000000000000000000;16240,000000000000000000
850;16321,000000000000000000;16173,000000000000000000;16240,000000000000000000
851;16321,000000000000000000;16173,000000000000000000;16240,000000000000000000
852;16321,000000000000000000;16173,000000000000000000;16240,000000000000000000
853;16321,000000000000000000;16173,000000000000000000;16240,000000000000000000
854;16321,000000000000000000;16173,000000000000000000;16240,000000000000000000
855;16321,000000000000000000;16173,000000000000000000;16241,000000000000000000
856;16321,000000000000000000;16173,000000000000000000;16241,000000000000000000
857;16321,000000000000000000;16173,000000000000000000;16241,000000000000000000
858;16321,000000000000000000;16173,000000000000000000;16241,000000000000000000
859;16321,000000000000000000;16173,000000000000000000;16241,000000000000000000
860;16321,000000000000000000;16173,000000000000000000;16241,000000000000000000
861;16321,000000000000000000;16173,000000000000000000;16241,000000000000000000
862;16321,000000000000000000;16173,000000000000000000;16241,000000000000000000
863;16321,000000000000000000;16173,000000000000000000;16241,000000000000000000
864;16321,000000000000000000;16173,000000000000000000;16242,000000000000000000
865;16321,000000000000000000;16173,000000000000000000;16242,000000000000000000
866;16321,000000000000000000;16173,000000000000000000;16242,000000000000000000
867;16321,000000000000000000;16173,000000000000000000;16242,000000000000000000
868;16321,000000000000000000;16173,000000000000000000;16242,000000000000000000
869;16321,000000000000000000;16173,000000000000000000;16242,000000000000000000
870;16321,000000000000000000;16173,000000000000000000;16242,000000000000000000
871;16321,000000000000000000;16173,000000000000000000;16243,000000000000000000
872;16321,000000000000000000;16173,000000000000000000;16243,000000000000000000
873;16321,000000000000000000;16173,000000000000000000;16243,000000000000000000
874;16321,000000000000000000;16173,000000000000000000;16243,000000000000000000
875;16321,000000000000000000;16173,000000000000000000;16243,000000000000000000
876;16321,000000000000000000;16173,000000000000000000;16243,000000000000000000
877;16321,000000000000000000;16173,000000000000000000;16244,000000000000000000
878;16321,000000000000000000;16173,000000000000000000;16244,000000000000000000
879;16321,000000000000000000;16173,000000000000000000;16244,000000000000000000
880;16321,000000000000000000;16173,000000000000000000;16244,000000000000000000
881;16321,000000000000000000;16173,000000000000000000;16244,000000000000000000
882;16321,000000000000000000;16173,000000000000000000;16244,000000000000000000
883;16321,000000000000000000;16173,000000000000000000;16244,000000000000000000
884;16321,000000000000000000;16173,000000000000000000;16245,000000000000000000
885;16321,000000000000000000;16173,000000000000000000;16245,000000000000000000
886;16321,000000000000000000;16173,000000000000000000;16245,000000000000000000
887;16321,000000000000000000;16173,000000000000000000;16246,000000000000000000
888;16321,000000000000000000;16173,000000000000000000;16246,000000000000000000
889;16321,000000000000000000;16173,000000000000000000;16246,000000000000000000
890;16321,000000000000000000;16173,000000000000000000;16246,000000000000000000
891;16321,000000000000000000;16173,000000000000000000;16246,000000000000000000
892;16321,000000000000000000;16173,000000000000000000;16246,000000000000000000
893;16321,000000000000000000;16173,000000000000000000;16246,000000000000000000
894;16321,000000000000000000;16173,000000000000000000;16246,000000000000000000
895;16321,000000000000000000;16173,000000000000000000;16247,000000000000000000
896;16321,000000000000000000;16173,000000000000000000;16247,000000000000000000
897;16321,000000000000000000;16173,000000000000000000;16247,000000000000000000
898;16321,000000000000000000;16173,000000000000000000;16247,000000000000000000
899;16321,000000000000000000;16173,000000000000000000;16247,000000000000000000
900;16321,000000000000000000;16173,000000000000000000;16247,000000000000000000
901;16321,000000000000000000;16173,000000000000000000;16247,000000000000000000
902;16321,000000000000000000;16173,000000000000000000;16247,000000000000000000
903;16321,000000000000000000;16173,000000000000000000;16247,000000000000000000
904;16321,000000000000000000;16173,000000000000000000;16247,000000000000000000
905;16321,000000000000000000;16173,000000000000000000;16247,000000000000000000
906;16321,000000000000000000;16173,000000000000000000;16248,000000000000000000
907;16321,000000000000000000;16173,000000000000000000;16248,000000000000000000
908;16321,000000000000000000;16173,000000000000000000;16248,000000000000000000
909;16321,000000000000000000;16173,000000000000000000;16248,000000000000000000
910;16321,000000000000000000;16173,000000000000000000;16248,000000000000000000
911;16321,000000000000000000;16173,000000000000000000;16248,000000000000000000
912;16321,000000000000000000;16173,000000000000000000;16248,000000000000000000
913;16321,000000000000000000;16173,000000000000000000;16248,000000000000000000
914;16321,000000000000000000;16173,000000000000000000;16248,000000000000000000
915;16321,000000000000000000;16173,000000000000000000;16249,000000000000000000
916;16321,000000000000000000;16173,000000000000000000;16249,000000000000000000
917;16321,000000000000000000;16173,000000000000000000;16249,000000000000000000
918;16321,000000000000000000;16173,000000000000000000;16249,000000000000000000
919;16321,000000000000000000;16173,000000000000000000;16249,000000000000000000
920;16321,000000000000000000;16173,000000000000000000;16249,000000000000000000
921;16321,000000000000000000;16173,000000000000000000;16249,000000000000000000
922;16321,000000000000000000;16173,000000000000000000;16249,000000000000000000
923;16321,000000000000000000;16173,000000000000000000;16250,000000000000000000
924;16321,000000000000000000;16173,000000000000000000;16250,000000000000000000
925;16321,000000000000000000;16173,000000000000000000;16250,000000000000000000
926;16321,000000000000000000;16173,000000000000000000;16250,000000000000000000
927;16321,000000000000000000;16173,000000000000000000;16250,000000000000000000
928;16321,000000000000000000;16173,000000000000000000;16250,000000000000000000
929;16321,000000000000000000;16173,000000000000000000;16250,000000000000000000
930;16321,000000000000000000;16173,000000000000000000;16250,000000000000000000
931;16321,000000000000000000;16173,000000000000000000;16250,000000000000000000
932;16321,000000000000000000;16173,000000000000000000;16251,000000000000000000
933;16321,000000000000000000;16173,000000000000000000;16251,000000000000000000
934;16321,000000000000000000;16173,000000000000000000;16251,000000000000000000
935;16321,000000000000000000;16173,000000000000000000;16251,000000000000000000
936;16321,000000000000000000;16173,000000000000000000;16251,000000000000000000
937;16321,000000000000000000;16173,000000000000000000;16251,000000000000000000
938;16321,000000000000000000;16173,000000000000000000;16251,000000000000000000
939;16321,000000000000000000;16173,000000000000000000;16251,000000000000000000
940;16321,000000000000000000;16173,000000000000000000;16251,000000000000000000
941;16321,000000000000000000;16173,000000000000000000;16252,000000000000000000
942;16321,000000000000000000;16173,000000000000000000;16252,000000000000000000
943;16321,000000000000000000;16173,000000000000000000;16252,000000000000000000
944;16321,000000000000000000;16173,000000000000000000;16252,000000000000000000
945;16321,000000000000000000;16173,000000000000000000;16252,000000000000000000
946;16321,000000000000000000;16173,000000000000000000;16252,000000000000000000
947;16321,000000000000000000;16212,000000000000000000;16252,000000000000000000
948;16321,000000000000000000;16212,000000000000000000;16252,000000000000000000
949;16321,000000000000000000;16212,000000000000000000;16252,000000000000000000
950;16321,000000000000000000;16212,000000000000000000;16252,000000000000000000
951;16321,000000000000000000;16212,000000000000000000;16252,000000000000000000
952;16321,000000000000000000;16212,000000000000000000;16252,000000000000000000
953;16321,000000000000000000;16212,000000000000000000;16253,000000000000000000
954;16321,000000000000000000;16212,000000000000000000;16253,000000000000000000
955;16321,000000000000000000;16212,000000000000000000;16253,000000000000000000
956;16321,000000000000000000;16212,000000000000000000;16253,000000000000000000
957;16321,000000000000000000;16212,000000000000000000;16253,000000000000000000
958;16321,000000000000000000;16212,000000000000000000;16253,000000000000000000
959;16321,000000000000000000;16212,000000000000000000;16253,000000000000000000
960;16321,000000000000000000;16212,000000000000000000;16253,000000000000000000
961;16321,000000000000000000;16212,000000000000000000;16253,000000000000000000
962;16321,000000000000000000;16212,000000000000000000;16253,000000000000000000
963;16321,000000000000000000;16212,000000000000000000;16253,000000000000000000
964;16321,000000000000000000;16212,000000000000000000;16254,000000000000000000
965;16321,000000000000000000;16212,000000000000000000;16254,000000000000000000
966;16321,000000000000000000;16212,000000000000000000;16254,000000000000000000
967;16321,000000000000000000;16212,000000000000000000;16254,000000000000000000
968;16321,000000000000000000;16212,000000000000000000;16255,000000000000000000
969;16321,000000000000000000;16212,000000000000000000;16255,000000000000000000
970;16321,000000000000000000;16212,000000000000000000;16255,000000000000000000
971;16321,000000000000000000;16212,000000000000000000;16255,000000000000000000
972;16321,000000000000000000;16212,000000000000000000;16255,000000000000000000
973;16321,000000000000000000;16212,000000000000000000;16255,000000000000000000
974;16321,000000000000000000;16212,000000000000000000;16256,000000000000000000
975;16321,000000000000000000;16212,000000000000000000;16256,000000000000000000
976;16321,000000000000000000;16212,000000000000000000;16256,000000000000000000
977;16321,000000000000000000;16212,000000000000000000;16256,000000000000000000
978;16321,000000000000000000;16212,000000000000000000;16256,000000000000000000
979;16321,000000000000000000;16212,000000000000000000;16256,000000000000000000
980;16321,000000000000000000;16212,000000000000000000;16256,000000000000000000
981;16321,000000000000000000;16212,000000000000000000;16256,000000000000000000
982;16321,000000000000000000;16212,000000000000000000;16257,000000000000000000
983;16321,000000000000000000;16212,000000000000000000;16257,000000000000000000
984;16321,000000000000000000;16212,000000000000000000;16257,000000000000000000
985;16321,000000000000000000;16212,000000000000000000;16257,000000000000000000
986;16321,000000000000000000;16212,000000000000000000;16257,000000000000000000
987;16321,000000000000000000;16212,000000000000000000;16257,000000000000000000
988;16321,000000000000000000;16212,000000000000000000;16258,000000000000000000
989;16321,000000000000000000;16212,000000000000000000;16258,000000000000000000
990;16321,000000000000000000;16212,000000000000000000;16258,000000000000000000
991;16321,000000000000000000;16212,000000000000000000;16258,000000000000000000
992;16321,000000000000000000;16212,000000000000000000;16258,000000000000000000
993;16321,000000000000000000;16212,000000000000000000;16258,000000000000000000
994;16321,000000000000000000;16212,000000000000000000;16258,000000000000000000
995;16321,000000000000000000;16212,000000000000000000;16258,000000000000000000
996;16321,000000000000000000;16212,000000000000000000;16258,000000000000000000
997;16321,000000000000000000;16212,000000000000000000;16259,000000000000000000
998;16321,000000000000000000;16212,000000000000000000;16259,000000000000000000
999;16321,000000000000000000;16212,000000000000000000;16259,000000000000000000
