0;15547,000000000000000000;9854,000000000000000000;12748,000000000000000000
1;15547,000000000000000000;9854,000000000000000000;13170,000000000000000000
2;15547,000000000000000000;10581,000000000000000000;13443,000000000000000000
3;15547,000000000000000000;10855,000000000000000000;13693,000000000000000000
4;15547,000000000000000000;10902,000000000000000000;13872,000000000000000000
5;15547,000000000000000000;12011,000000000000000000;14009,000000000000000000
6;15547,000000000000000000;12182,000000000000000000;14161,000000000000000000
7;15762,000000000000000000;12182,000000000000000000;14273,000000000000000000
8;15762,000000000000000000;12182,000000000000000000;14332,000000000000000000
9;15762,000000000000000000;12670,000000000000000000;14416,000000000000000000
10;15762,000000000000000000;12670,000000000000000000;14472,000000000000000000
11;15762,000000000000000000;12670,000000000000000000;14532,000000000000000000
12;15762,000000000000000000;12670,000000000000000000;14610,000000000000000000
13;15762,000000000000000000;13250,000000000000000000;14659,000000000000000000
14;15762,000000000000000000;13250,000000000000000000;14697,000000000000000000
15;15762,000000000000000000;13250,000000000000000000;14745,000000000000000000
16;15762,000000000000000000;13652,000000000000000000;14774,000000000000000000
17;15762,000000000000000000;13797,000000000000000000;14808,000000000000000000
18;15762,000000000000000000;13797,000000000000000000;14842,000000000000000000
19;15762,000000000000000000;13797,000000000000000000;14868,000000000000000000
20;15762,000000000000000000;13797,000000000000000000;14903,000000000000000000
21;15762,000000000000000000;13797,000000000000000000;14928,000000000000000000
22;15762,000000000000000000;13797,000000000000000000;14955,000000000000000000
23;15762,000000000000000000;13797,000000000000000000;14977,000000000000000000
24;15762,000000000000000000;13797,000000000000000000;15003,000000000000000000
25;15840,000000000000000000;14135,000000000000000000;15036,000000000000000000
26;15840,000000000000000000;14135,000000000000000000;15050,000000000000000000
27;15840,000000000000000000;14153,000000000000000000;15084,000000000000000000
28;15840,000000000000000000;14171,000000000000000000;15101,000000000000000000
29;15840,000000000000000000;14243,000000000000000000;15121,000000000000000000
30;15840,000000000000000000;14243,000000000000000000;15140,000000000000000000
31;15840,000000000000000000;14243,000000000000000000;15158,000000000000000000
32;15840,000000000000000000;14417,000000000000000000;15178,000000000000000000
33;15840,000000000000000000;14417,000000000000000000;15193,000000000000000000
34;16005,000000000000000000;14417,000000000000000000;15212,000000000000000000
35;16005,000000000000000000;14417,000000000000000000;15230,000000000000000000
36;16005,000000000000000000;14417,000000000000000000;15242,000000000000000000
37;16005,000000000000000000;14524,000000000000000000;15256,000000000000000000
38;16005,000000000000000000;14524,000000000000000000;15275,000000000000000000
39;16005,000000000000000000;14524,000000000000000000;15290,000000000000000000
40;16005,000000000000000000;14524,000000000000000000;15300,000000000000000000
41;16005,000000000000000000;14524,000000000000000000;15316,000000000000000000
42;16005,000000000000000000;14524,000000000000000000;15327,000000000000000000
43;16005,000000000000000000;14524,000000000000000000;15338,000000000000000000
44;16005,000000000000000000;14524,000000000000000000;15352,000000000000000000
45;16005,000000000000000000;14524,000000000000000000;15367,000000000000000000
46;16005,000000000000000000;14524,000000000000000000;15378,000000000000000000
47;16005,000000000000000000;14524,000000000000000000;15386,000000000000000000
48;16005,000000000000000000;14524,000000000000000000;15401,000000000000000000
49;16005,000000000000000000;14524,000000000000000000;15411,000000000000000000
50;16005,000000000000000000;14524,000000000000000000;15421,000000000000000000
51;16005,000000000000000000;14524,000000000000000000;15424,000000000000000000
52;16005,000000000000000000;14524,000000000000000000;15433,000000000000000000
53;16005,000000000000000000;14524,000000000000000000;15445,000000000000000000
54;16005,000000000000000000;14524,000000000000000000;15452,000000000000000000
55;16005,000000000000000000;14914,000000000000000000;15460,000000000000000000
56;16158,000000000000000000;14914,000000000000000000;15468,000000000000000000
57;16266,000000000000000000;14914,000000000000000000;15477,000000000000000000
58;16266,000000000000000000;14914,000000000000000000;15485,000000000000000000
59;16266,000000000000000000;14936,000000000000000000;15497,000000000000000000
60;16266,000000000000000000;14936,000000000000000000;15507,000000000000000000
61;16266,000000000000000000;14936,000000000000000000;15518,000000000000000000
62;16266,000000000000000000;14936,000000000000000000;15525,000000000000000000
63;16266,000000000000000000;14936,000000000000000000;15536,000000000000000000
64;16266,000000000000000000;14936,000000000000000000;15544,000000000000000000
65;16266,000000000000000000;14936,000000000000000000;15553,000000000000000000
66;16266,000000000000000000;15015,000000000000000000;15563,000000000000000000
67;16266,000000000000000000;15015,000000000000000000;15572,000000000000000000
68;16266,000000000000000000;15015,000000000000000000;15580,000000000000000000
69;16266,000000000000000000;15015,000000000000000000;15590,000000000000000000
70;16266,000000000000000000;15015,000000000000000000;15597,000000000000000000
71;16266,000000000000000000;15015,000000000000000000;15606,000000000000000000
72;16266,000000000000000000;15015,000000000000000000;15610,000000000000000000
73;16266,000000000000000000;15015,000000000000000000;15617,000000000000000000
74;16266,000000000000000000;15017,000000000000000000;15626,000000000000000000
75;16266,000000000000000000;15060,000000000000000000;15631,000000000000000000
76;16266,000000000000000000;15060,000000000000000000;15637,000000000000000000
77;16266,000000000000000000;15060,000000000000000000;15642,000000000000000000
78;16266,000000000000000000;15060,000000000000000000;15644,000000000000000000
79;16266,000000000000000000;15060,000000000000000000;15654,000000000000000000
80;16266,000000000000000000;15060,000000000000000000;15662,000000000000000000
81;16266,000000000000000000;15060,000000000000000000;15668,000000000000000000
82;16266,000000000000000000;15060,000000000000000000;15671,000000000000000000
83;16266,000000000000000000;15060,000000000000000000;15674,000000000000000000
84;16266,000000000000000000;15060,000000000000000000;15681,000000000000000000
85;16266,000000000000000000;15060,000000000000000000;15684,000000000000000000
86;16266,000000000000000000;15060,000000000000000000;15687,000000000000000000
87;16266,000000000000000000;15060,000000000000000000;15692,000000000000000000
88;16266,000000000000000000;15060,000000000000000000;15699,000000000000000000
89;16266,000000000000000000;15085,000000000000000000;15706,000000000000000000
90;16266,000000000000000000;15200,000000000000000000;15712,000000000000000000
91;16266,000000000000000000;15200,000000000000000000;15717,000000000000000000
92;16266,000000000000000000;15200,000000000000000000;15723,000000000000000000
93;16266,000000000000000000;15200,000000000000000000;15727,000000000000000000
94;16266,000000000000000000;15200,000000000000000000;15734,000000000000000000
95;16266,000000000000000000;15200,000000000000000000;15738,000000000000000000
96;16266,000000000000000000;15200,000000000000000000;15740,000000000000000000
97;16266,000000000000000000;15200,000000000000000000;15744,000000000000000000
98;16266,000000000000000000;15200,000000000000000000;15747,000000000000000000
99;16266,000000000000000000;15200,000000000000000000;15755,000000000000000000
100;16266,000000000000000000;15247,000000000000000000;15759,000000000000000000
101;16266,000000000000000000;15247,000000000000000000;15766,000000000000000000
102;16266,000000000000000000;15247,000000000000000000;15771,000000000000000000
103;16266,000000000000000000;15283,000000000000000000;15778,000000000000000000
104;16266,000000000000000000;15283,000000000000000000;15780,000000000000000000
105;16266,000000000000000000;15283,000000000000000000;15785,000000000000000000
106;16266,000000000000000000;15283,000000000000000000;15790,000000000000000000
107;16266,000000000000000000;15283,000000000000000000;15796,000000000000000000
108;16266,000000000000000000;15283,000000000000000000;15803,000000000000000000
109;16266,000000000000000000;15283,000000000000000000;15810,000000000000000000
110;16266,000000000000000000;15283,000000000000000000;15815,000000000000000000
111;16266,000000000000000000;15298,000000000000000000;15819,000000000000000000
112;16266,000000000000000000;15298,000000000000000000;15826,000000000000000000
113;16266,000000000000000000;15298,000000000000000000;15832,000000000000000000
114;16266,000000000000000000;15298,000000000000000000;15837,000000000000000000
115;16266,000000000000000000;15298,000000000000000000;15840,000000000000000000
116;16266,000000000000000000;15298,000000000000000000;15842,000000000000000000
117;16266,000000000000000000;15298,000000000000000000;15846,000000000000000000
118;16266,000000000000000000;15298,000000000000000000;15850,000000000000000000
119;16266,000000000000000000;15298,000000000000000000;15852,000000000000000000
120;16276,000000000000000000;15298,000000000000000000;15856,000000000000000000
121;16276,000000000000000000;15298,000000000000000000;15859,000000000000000000
122;16276,000000000000000000;15298,000000000000000000;15862,000000000000000000
123;16276,000000000000000000;15318,000000000000000000;15867,000000000000000000
124;16276,000000000000000000;15318,000000000000000000;15873,000000000000000000
125;16276,000000000000000000;15318,000000000000000000;15875,000000000000000000
126;16276,000000000000000000;15318,000000000000000000;15879,000000000000000000
127;16276,000000000000000000;15318,000000000000000000;15883,000000000000000000
128;16276,000000000000000000;15318,000000000000000000;15888,000000000000000000
129;16276,000000000000000000;15318,000000000000000000;15892,000000000000000000
130;16276,000000000000000000;15318,000000000000000000;15895,000000000000000000
131;16276,000000000000000000;15318,000000000000000000;15897,000000000000000000
132;16276,000000000000000000;15318,000000000000000000;15901,000000000000000000
133;16276,000000000000000000;15440,000000000000000000;15905,000000000000000000
134;16276,000000000000000000;15440,000000000000000000;15909,000000000000000000
135;16276,000000000000000000;15440,000000000000000000;15911,000000000000000000
136;16276,000000000000000000;15440,000000000000000000;15912,000000000000000000
137;16276,000000000000000000;15440,000000000000000000;15914,000000000000000000
138;16478,000000000000000000;15440,000000000000000000;15916,000000000000000000
139;16478,000000000000000000;15440,000000000000000000;15918,000000000000000000
140;16478,000000000000000000;15440,000000000000000000;15920,000000000000000000
141;16478,000000000000000000;15440,000000000000000000;15922,000000000000000000
142;16478,000000000000000000;15440,000000000000000000;15924,000000000000000000
143;16478,000000000000000000;15440,000000000000000000;15929,000000000000000000
144;16478,000000000000000000;15440,000000000000000000;15930,000000000000000000
145;16478,000000000000000000;15440,000000000000000000;15935,000000000000000000
146;16478,000000000000000000;15440,000000000000000000;15937,000000000000000000
147;16478,000000000000000000;15440,000000000000000000;15939,000000000000000000
148;16478,000000000000000000;15440,000000000000000000;15939,000000000000000000
149;16478,000000000000000000;15440,000000000000000000;15941,000000000000000000
150;16478,000000000000000000;15440,000000000000000000;15943,000000000000000000
151;16478,000000000000000000;15440,000000000000000000;15945,000000000000000000
152;16478,000000000000000000;15440,000000000000000000;15946,000000000000000000
153;16478,000000000000000000;15440,000000000000000000;15948,000000000000000000
154;16478,000000000000000000;15440,000000000000000000;15950,000000000000000000
155;16478,000000000000000000;15440,000000000000000000;15951,000000000000000000
156;16478,000000000000000000;15440,000000000000000000;15955,000000000000000000
157;16478,000000000000000000;15440,000000000000000000;15956,000000000000000000
158;16478,000000000000000000;15440,000000000000000000;15963,000000000000000000
159;16478,000000000000000000;15440,000000000000000000;15966,000000000000000000
160;16478,000000000000000000;15440,000000000000000000;15968,000000000000000000
161;16478,000000000000000000;15440,000000000000000000;15971,000000000000000000
162;16478,000000000000000000;15440,000000000000000000;15972,000000000000000000
163;16478,000000000000000000;15440,000000000000000000;15973,000000000000000000
164;16478,000000000000000000;15440,000000000000000000;15976,000000000000000000
165;16478,000000000000000000;15584,000000000000000000;15979,000000000000000000
166;16478,000000000000000000;15584,000000000000000000;15981,000000000000000000
167;16478,000000000000000000;15584,000000000000000000;15983,000000000000000000
168;16478,000000000000000000;15584,000000000000000000;15986,000000000000000000
169;16478,000000000000000000;15584,000000000000000000;15988,000000000000000000
170;16478,000000000000000000;15584,000000000000000000;15990,000000000000000000
171;16478,000000000000000000;15584,000000000000000000;15991,000000000000000000
172;16478,000000000000000000;15584,000000000000000000;15994,000000000000000000
173;16478,000000000000000000;15584,000000000000000000;15995,000000000000000000
174;16478,000000000000000000;15584,000000000000000000;15996,000000000000000000
175;16478,000000000000000000;15584,000000000000000000;15998,000000000000000000
176;16478,000000000000000000;15584,000000000000000000;16000,000000000000000000
177;16478,000000000000000000;15584,000000000000000000;16002,000000000000000000
178;16478,000000000000000000;15584,000000000000000000;16006,000000000000000000
179;16478,000000000000000000;15584,000000000000000000;16008,000000000000000000
180;16478,000000000000000000;15584,000000000000000000;16011,000000000000000000
181;16478,000000000000000000;15584,000000000000000000;16012,000000000000000000
182;16478,000000000000000000;15584,000000000000000000;16014,000000000000000000
183;16478,000000000000000000;15584,000000000000000000;16016,000000000000000000
184;16478,000000000000000000;15584,000000000000000000;16018,000000000000000000
185;16478,000000000000000000;15584,000000000000000000;16020,000000000000000000
186;16478,000000000000000000;15584,000000000000000000;16020,000000000000000000
187;16478,000000000000000000;15584,000000000000000000;16022,000000000000000000
188;16478,000000000000000000;15584,000000000000000000;16024,000000000000000000
189;16478,000000000000000000;15584,000000000000000000;16025,000000000000000000
190;16478,000000000000000000;15584,000000000000000000;16029,000000000000000000
191;16478,000000000000000000;15584,000000000000000000;16032,000000000000000000
192;16478,000000000000000000;15584,000000000000000000;16034,000000000000000000
193;16478,000000000000000000;15584,000000000000000000;16036,000000000000000000
194;16478,000000000000000000;15584,000000000000000000;16040,000000000000000000
195;16478,000000000000000000;15584,000000000000000000;16043,000000000000000000
196;16478,000000000000000000;15584,000000000000000000;16046,000000000000000000
197;16478,000000000000000000;15584,000000000000000000;16053,000000000000000000
198;16478,000000000000000000;15750,000000000000000000;16058,000000000000000000
199;16478,000000000000000000;15750,000000000000000000;16059,000000000000000000
200;16478,000000000000000000;15750,000000000000000000;16060,000000000000000000
201;16478,000000000000000000;15750,000000000000000000;16063,000000000000000000
202;16478,000000000000000000;15750,000000000000000000;16065,000000000000000000
203;16478,000000000000000000;15781,000000000000000000;16070,000000000000000000
204;16478,000000000000000000;15843,000000000000000000;16073,000000000000000000
205;16478,000000000000000000;15843,000000000000000000;16075,000000000000000000
206;16478,000000000000000000;15843,000000000000000000;16077,000000000000000000
207;16478,000000000000000000;15843,000000000000000000;16078,000000000000000000
208;16478,000000000000000000;15843,000000000000000000;16080,000000000000000000
209;16478,000000000000000000;15843,000000000000000000;16082,000000000000000000
210;16478,000000000000000000;15843,000000000000000000;16084,000000000000000000
211;16478,000000000000000000;15843,000000000000000000;16085,000000000000000000
212;16478,000000000000000000;15843,000000000000000000;16088,000000000000000000
213;16478,000000000000000000;15843,000000000000000000;16089,000000000000000000
214;16478,000000000000000000;15843,000000000000000000;16091,000000000000000000
215;16478,000000000000000000;15843,000000000000000000;16092,000000000000000000
216;16478,000000000000000000;15843,000000000000000000;16093,000000000000000000
217;16478,000000000000000000;15843,000000000000000000;16095,000000000000000000
218;16478,000000000000000000;15843,000000000000000000;16096,000000000000000000
219;16478,000000000000000000;15843,000000000000000000;16099,000000000000000000
220;16478,000000000000000000;15843,000000000000000000;16101,000000000000000000
221;16478,000000000000000000;15843,000000000000000000;16101,000000000000000000
222;16478,000000000000000000;15843,000000000000000000;16102,000000000000000000
223;16478,000000000000000000;15843,000000000000000000;16103,000000000000000000
224;16478,000000000000000000;15843,000000000000000000;16104,000000000000000000
225;16478,000000000000000000;15843,000000000000000000;16105,000000000000000000
226;16478,000000000000000000;15843,000000000000000000;16105,000000000000000000
227;16478,000000000000000000;15843,000000000000000000;16107,000000000000000000
228;16478,000000000000000000;15843,000000000000000000;16110,000000000000000000
229;16478,000000000000000000;15843,000000000000000000;16112,000000000000000000
230;16478,000000000000000000;15843,000000000000000000;16113,000000000000000000
231;16478,000000000000000000;15843,000000000000000000;16114,000000000000000000
232;16478,000000000000000000;15843,000000000000000000;16115,000000000000000000
233;16478,000000000000000000;15843,000000000000000000;16117,000000000000000000
234;16478,000000000000000000;15843,000000000000000000;16118,000000000000000000
235;16478,000000000000000000;15843,000000000000000000;16121,000000000000000000
236;16478,000000000000000000;15843,000000000000000000;16123,000000000000000000
237;16478,000000000000000000;15843,000000000000000000;16124,000000000000000000
238;16478,000000000000000000;15843,000000000000000000;16125,000000000000000000
239;16478,000000000000000000;15843,000000000000000000;16126,000000000000000000
240;16478,000000000000000000;15843,000000000000000000;16127,000000000000000000
241;16478,000000000000000000;15870,000000000000000000;16130,000000000000000000
242;16478,000000000000000000;15870,000000000000000000;16132,000000000000000000
243;16478,000000000000000000;15870,000000000000000000;16132,000000000000000000
244;16478,000000000000000000;15870,000000000000000000;16134,000000000000000000
245;16478,000000000000000000;15870,000000000000000000;16135,000000000000000000
246;16478,000000000000000000;15870,000000000000000000;16136,000000000000000000
247;16478,000000000000000000;15870,000000000000000000;16138,000000000000000000
248;16478,000000000000000000;15870,000000000000000000;16138,000000000000000000
249;16478,000000000000000000;15870,000000000000000000;16142,000000000000000000
250;16478,000000000000000000;15870,000000000000000000;16144,000000000000000000
251;16478,000000000000000000;15870,000000000000000000;16145,000000000000000000
252;16478,000000000000000000;15870,000000000000000000;16146,000000000000000000
253;16478,000000000000000000;15870,000000000000000000;16149,000000000000000000
254;16478,000000000000000000;15870,000000000000000000;16150,000000000000000000
255;16478,000000000000000000;15870,000000000000000000;16150,000000000000000000
256;16478,000000000000000000;15870,000000000000000000;16151,000000000000000000
257;16478,000000000000000000;15870,000000000000000000;16154,000000000000000000
258;16478,000000000000000000;15870,000000000000000000;16155,000000000000000000
259;16478,000000000000000000;15898,000000000000000000;16159,000000000000000000
260;16478,000000000000000000;15898,000000000000000000;16161,000000000000000000
261;16478,000000000000000000;15898,000000000000000000;16163,000000000000000000
262;16478,000000000000000000;15898,000000000000000000;16164,000000000000000000
263;16478,000000000000000000;15898,000000000000000000;16165,000000000000000000
264;16478,000000000000000000;15898,000000000000000000;16167,000000000000000000
265;16478,000000000000000000;15898,000000000000000000;16168,000000000000000000
266;16478,000000000000000000;15898,000000000000000000;16171,000000000000000000
267;16478,000000000000000000;15898,000000000000000000;16172,000000000000000000
268;16478,000000000000000000;15898,000000000000000000;16173,000000000000000000
269;16478,000000000000000000;15898,000000000000000000;16173,000000000000000000
270;16478,000000000000000000;15898,000000000000000000;16177,000000000000000000
271;16478,000000000000000000;15898,000000000000000000;16178,000000000000000000
272;16478,000000000000000000;15898,000000000000000000;16179,000000000000000000
273;16478,000000000000000000;15898,000000000000000000;16179,000000000000000000
274;16478,000000000000000000;15898,000000000000000000;16183,000000000000000000
275;16478,000000000000000000;15898,000000000000000000;16183,000000000000000000
276;16478,000000000000000000;15898,000000000000000000;16184,000000000000000000
277;16478,000000000000000000;15898,000000000000000000;16185,000000000000000000
278;16478,000000000000000000;15898,000000000000000000;16186,000000000000000000
279;16478,000000000000000000;15898,000000000000000000;16187,000000000000000000
280;16478,000000000000000000;15898,000000000000000000;16190,000000000000000000
281;16478,000000000000000000;15898,000000000000000000;16191,000000000000000000
282;16478,000000000000000000;15898,000000000000000000;16193,000000000000000000
283;16478,000000000000000000;15898,000000000000000000;16193,000000000000000000
284;16478,000000000000000000;15898,000000000000000000;16194,000000000000000000
285;16478,000000000000000000;15898,000000000000000000;16196,000000000000000000
286;16478,000000000000000000;15898,000000000000000000;16198,000000000000000000
287;16478,000000000000000000;15898,000000000000000000;16199,000000000000000000
288;16478,000000000000000000;15898,000000000000000000;16200,000000000000000000
289;16478,000000000000000000;15898,000000000000000000;16201,000000000000000000
290;16478,000000000000000000;15898,000000000000000000;16201,000000000000000000
291;16478,000000000000000000;15898,000000000000000000;16204,000000000000000000
292;16478,000000000000000000;15898,000000000000000000;16205,000000000000000000
293;16478,000000000000000000;15898,000000000000000000;16207,000000000000000000
294;16478,000000000000000000;15898,000000000000000000;16209,000000000000000000
295;16478,000000000000000000;15898,000000000000000000;16209,000000000000000000
296;16478,000000000000000000;15898,000000000000000000;16212,000000000000000000
297;16478,000000000000000000;15898,000000000000000000;16213,000000000000000000
298;16478,000000000000000000;15898,000000000000000000;16214,000000000000000000
299;16478,000000000000000000;15898,000000000000000000;16215,000000000000000000
300;16478,000000000000000000;15898,000000000000000000;16216,000000000000000000
301;16478,000000000000000000;15898,000000000000000000;16220,000000000000000000
302;16478,000000000000000000;15898,000000000000000000;16221,000000000000000000
303;16478,000000000000000000;15898,000000000000000000;16222,000000000000000000
304;16478,000000000000000000;15898,000000000000000000;16223,000000000000000000
305;16478,000000000000000000;15898,000000000000000000;16224,000000000000000000
306;16478,000000000000000000;15898,000000000000000000;16225,000000000000000000
307;16478,000000000000000000;15898,000000000000000000;16226,000000000000000000
308;16478,000000000000000000;15898,000000000000000000;16228,000000000000000000
309;16478,000000000000000000;15898,000000000000000000;16229,000000000000000000
310;16478,000000000000000000;15898,000000000000000000;16231,000000000000000000
311;16478,000000000000000000;15898,000000000000000000;16231,000000000000000000
312;16478,000000000000000000;15898,000000000000000000;16232,000000000000000000
313;16478,000000000000000000;15898,000000000000000000;16235,000000000000000000
314;16478,000000000000000000;15898,000000000000000000;16237,000000000000000000
315;16478,000000000000000000;15898,000000000000000000;16237,000000000000000000
316;16478,000000000000000000;15898,000000000000000000;16238,000000000000000000
317;16478,000000000000000000;15898,000000000000000000;16238,000000000000000000
318;16478,000000000000000000;15898,000000000000000000;16239,000000000000000000
319;16478,000000000000000000;15898,000000000000000000;16240,000000000000000000
320;16478,000000000000000000;15898,000000000000000000;16240,000000000000000000
321;16478,000000000000000000;15898,000000000000000000;16240,000000000000000000
322;16478,000000000000000000;15898,000000000000000000;16241,000000000000000000
323;16478,000000000000000000;15898,000000000000000000;16243,000000000000000000
324;16478,000000000000000000;15898,000000000000000000;16243,000000000000000000
325;16478,000000000000000000;15898,000000000000000000;16244,000000000000000000
326;16478,000000000000000000;15898,000000000000000000;16245,000000000000000000
327;16478,000000000000000000;15898,000000000000000000;16246,000000000000000000
328;16478,000000000000000000;15898,000000000000000000;16247,000000000000000000
329;16478,000000000000000000;15898,000000000000000000;16248,000000000000000000
330;16478,000000000000000000;15898,000000000000000000;16249,000000000000000000
331;16478,000000000000000000;15898,000000000000000000;16250,000000000000000000
332;16478,000000000000000000;15898,000000000000000000;16250,000000000000000000
333;16478,000000000000000000;15898,000000000000000000;16250,000000000000000000
334;16478,000000000000000000;15898,000000000000000000;16251,000000000000000000
335;16478,000000000000000000;15898,000000000000000000;16252,000000000000000000
336;16478,000000000000000000;15898,000000000000000000;16253,000000000000000000
337;16478,000000000000000000;15898,000000000000000000;16253,000000000000000000
338;16478,000000000000000000;15898,000000000000000000;16254,000000000000000000
339;16478,000000000000000000;15898,000000000000000000;16257,000000000000000000
340;16478,000000000000000000;15898,000000000000000000;16259,000000000000000000
341;16478,000000000000000000;15898,000000000000000000;16260,000000000000000000
342;16478,000000000000000000;15898,000000000000000000;16261,000000000000000000
343;16478,000000000000000000;15898,000000000000000000;16263,000000000000000000
344;16478,000000000000000000;15898,000000000000000000;16264,000000000000000000
345;16478,000000000000000000;15898,000000000000000000;16265,000000000000000000
346;16478,000000000000000000;15898,000000000000000000;16266,000000000000000000
347;16478,000000000000000000;15898,000000000000000000;16267,000000000000000000
348;16478,000000000000000000;15898,000000000000000000;16268,000000000000000000
349;16478,000000000000000000;15898,000000000000000000;16269,000000000000000000
350;16478,000000000000000000;15898,000000000000000000;16269,000000000000000000
351;16478,000000000000000000;15898,000000000000000000;16270,000000000000000000
352;16478,000000000000000000;15898,000000000000000000;16270,000000000000000000
353;16478,000000000000000000;15898,000000000000000000;16271,000000000000000000
354;16478,000000000000000000;15898,000000000000000000;16272,000000000000000000
355;16478,000000000000000000;15898,000000000000000000;16274,000000000000000000
356;16478,000000000000000000;15898,000000000000000000;16275,000000000000000000
357;16478,000000000000000000;15898,000000000000000000;16276,000000000000000000
358;16478,000000000000000000;15898,000000000000000000;16276,000000000000000000
359;16478,000000000000000000;15898,000000000000000000;16277,000000000000000000
360;16478,000000000000000000;15898,000000000000000000;16278,000000000000000000
361;16478,000000000000000000;15898,000000000000000000;16279,000000000000000000
362;16478,000000000000000000;15898,000000000000000000;16280,000000000000000000
363;16478,000000000000000000;15898,000000000000000000;16281,000000000000000000
364;16478,000000000000000000;15898,000000000000000000;16281,000000000000000000
365;16478,000000000000000000;15898,000000000000000000;16282,000000000000000000
366;16478,000000000000000000;15898,000000000000000000;16282,000000000000000000
367;16478,000000000000000000;15898,000000000000000000;16282,000000000000000000
368;16478,000000000000000000;15898,000000000000000000;16284,000000000000000000
369;16478,000000000000000000;15898,000000000000000000;16284,000000000000000000
370;16478,000000000000000000;15898,000000000000000000;16286,000000000000000000
371;16478,000000000000000000;15898,000000000000000000;16286,000000000000000000
372;16478,000000000000000000;15898,000000000000000000;16289,000000000000000000
373;16478,000000000000000000;15898,000000000000000000;16291,000000000000000000
374;16478,000000000000000000;15898,000000000000000000;16292,000000000000000000
375;16478,000000000000000000;15898,000000000000000000;16293,000000000000000000
376;16478,000000000000000000;15898,000000000000000000;16294,000000000000000000
377;16478,000000000000000000;15898,000000000000000000;16295,000000000000000000
378;16478,000000000000000000;15898,000000000000000000;16296,000000000000000000
379;16478,000000000000000000;15898,000000000000000000;16300,000000000000000000
380;16478,000000000000000000;15974,000000000000000000;16302,000000000000000000
381;16478,000000000000000000;15974,000000000000000000;16303,000000000000000000
382;16478,000000000000000000;15974,000000000000000000;16304,000000000000000000
383;16478,000000000000000000;15974,000000000000000000;16305,000000000000000000
384;16478,000000000000000000;15974,000000000000000000;16305,000000000000000000
385;16478,000000000000000000;15974,000000000000000000;16306,000000000000000000
386;16478,000000000000000000;15974,000000000000000000;16306,000000000000000000
387;16478,000000000000000000;15974,000000000000000000;16306,000000000000000000
388;16478,000000000000000000;15974,000000000000000000;16306,000000000000000000
389;16478,000000000000000000;15974,000000000000000000;16306,000000000000000000
390;16478,000000000000000000;15974,000000000000000000;16309,000000000000000000
391;16478,000000000000000000;15974,000000000000000000;16310,000000000000000000
392;16478,000000000000000000;15974,000000000000000000;16310,000000000000000000
393;16478,000000000000000000;15974,000000000000000000;16312,000000000000000000
394;16478,000000000000000000;15974,000000000000000000;16313,000000000000000000
395;16478,000000000000000000;15974,000000000000000000;16315,000000000000000000
396;16478,000000000000000000;15974,000000000000000000;16316,000000000000000000
397;16478,000000000000000000;15974,000000000000000000;16317,000000000000000000
398;16478,000000000000000000;15974,000000000000000000;16318,000000000000000000
399;16478,000000000000000000;15974,000000000000000000;16319,000000000000000000
400;16478,000000000000000000;15974,000000000000000000;16320,000000000000000000
401;16478,000000000000000000;15974,000000000000000000;16322,000000000000000000
402;16478,000000000000000000;15974,000000000000000000;16323,000000000000000000
403;16478,000000000000000000;15974,000000000000000000;16325,000000000000000000
404;16478,000000000000000000;15974,000000000000000000;16325,000000000000000000
405;16478,000000000000000000;15974,000000000000000000;16327,000000000000000000
406;16478,000000000000000000;15974,000000000000000000;16327,000000000000000000
407;16478,000000000000000000;15974,000000000000000000;16327,000000000000000000
408;16478,000000000000000000;15974,000000000000000000;16328,000000000000000000
409;16478,000000000000000000;15974,000000000000000000;16328,000000000000000000
410;16478,000000000000000000;15974,000000000000000000;16330,000000000000000000
411;16478,000000000000000000;15974,000000000000000000;16331,000000000000000000
412;16478,000000000000000000;16044,000000000000000000;16331,000000000000000000
413;16478,000000000000000000;16044,000000000000000000;16331,000000000000000000
414;16478,000000000000000000;16044,000000000000000000;16332,000000000000000000
415;16478,000000000000000000;16044,000000000000000000;16333,000000000000000000
416;16478,000000000000000000;16044,000000000000000000;16335,000000000000000000
417;16478,000000000000000000;16044,000000000000000000;16337,000000000000000000
418;16478,000000000000000000;16044,000000000000000000;16337,000000000000000000
419;16478,000000000000000000;16044,000000000000000000;16338,000000000000000000
420;16478,000000000000000000;16044,000000000000000000;16339,000000000000000000
421;16478,000000000000000000;16044,000000000000000000;16340,000000000000000000
422;16478,000000000000000000;16044,000000000000000000;16341,000000000000000000
423;16478,000000000000000000;16044,000000000000000000;16341,000000000000000000
424;16478,000000000000000000;16044,000000000000000000;16343,000000000000000000
425;16478,000000000000000000;16044,000000000000000000;16343,000000000000000000
426;16478,000000000000000000;16044,000000000000000000;16344,000000000000000000
427;16478,000000000000000000;16044,000000000000000000;16345,000000000000000000
428;16478,000000000000000000;16044,000000000000000000;16345,000000000000000000
429;16478,000000000000000000;16044,000000000000000000;16346,000000000000000000
430;16478,000000000000000000;16044,000000000000000000;16347,000000000000000000
431;16478,000000000000000000;16044,000000000000000000;16348,000000000000000000
432;16478,000000000000000000;16044,000000000000000000;16348,000000000000000000
433;16478,000000000000000000;16044,000000000000000000;16348,000000000000000000
434;16478,000000000000000000;16044,000000000000000000;16348,000000000000000000
435;16478,000000000000000000;16044,000000000000000000;16349,000000000000000000
436;16478,000000000000000000;16044,000000000000000000;16349,000000000000000000
437;16478,000000000000000000;16044,000000000000000000;16350,000000000000000000
438;16478,000000000000000000;16044,000000000000000000;16351,000000000000000000
439;16478,000000000000000000;16044,000000000000000000;16351,000000000000000000
440;16478,000000000000000000;16044,000000000000000000;16352,000000000000000000
441;16478,000000000000000000;16044,000000000000000000;16353,000000000000000000
442;16478,000000000000000000;16064,000000000000000000;16354,000000000000000000
443;16478,000000000000000000;16064,000000000000000000;16356,000000000000000000
444;16478,000000000000000000;16064,000000000000000000;16357,000000000000000000
445;16478,000000000000000000;16064,000000000000000000;16358,000000000000000000
446;16478,000000000000000000;16064,000000000000000000;16358,000000000000000000
447;16478,000000000000000000;16064,000000000000000000;16360,000000000000000000
448;16478,000000000000000000;16064,000000000000000000;16361,000000000000000000
449;16478,000000000000000000;16064,000000000000000000;16361,000000000000000000
450;16478,000000000000000000;16064,000000000000000000;16362,000000000000000000
451;16478,000000000000000000;16064,000000000000000000;16363,000000000000000000
452;16478,000000000000000000;16064,000000000000000000;16364,000000000000000000
453;16478,000000000000000000;16064,000000000000000000;16365,000000000000000000
454;16478,000000000000000000;16064,000000000000000000;16365,000000000000000000
455;16478,000000000000000000;16064,000000000000000000;16366,000000000000000000
456;16478,000000000000000000;16064,000000000000000000;16367,000000000000000000
457;16478,000000000000000000;16064,000000000000000000;16367,000000000000000000
458;16478,000000000000000000;16064,000000000000000000;16368,000000000000000000
459;16478,000000000000000000;16064,000000000000000000;16370,000000000000000000
460;16478,000000000000000000;16064,000000000000000000;16370,000000000000000000
461;16478,000000000000000000;16110,000000000000000000;16371,000000000000000000
462;16478,000000000000000000;16110,000000000000000000;16371,000000000000000000
463;16478,000000000000000000;16110,000000000000000000;16371,000000000000000000
464;16478,000000000000000000;16110,000000000000000000;16372,000000000000000000
465;16478,000000000000000000;16110,000000000000000000;16372,000000000000000000
466;16478,000000000000000000;16110,000000000000000000;16372,000000000000000000
467;16478,000000000000000000;16110,000000000000000000;16372,000000000000000000
468;16478,000000000000000000;16110,000000000000000000;16372,000000000000000000
469;16478,000000000000000000;16110,000000000000000000;16374,000000000000000000
470;16478,000000000000000000;16110,000000000000000000;16375,000000000000000000
471;16478,000000000000000000;16110,000000000000000000;16375,000000000000000000
472;16478,000000000000000000;16110,000000000000000000;16375,000000000000000000
473;16478,000000000000000000;16110,000000000000000000;16376,000000000000000000
474;16478,000000000000000000;16110,000000000000000000;16376,000000000000000000
475;16478,000000000000000000;16110,000000000000000000;16377,000000000000000000
476;16478,000000000000000000;16110,000000000000000000;16377,000000000000000000
477;16478,000000000000000000;16110,000000000000000000;16377,000000000000000000
478;16478,000000000000000000;16110,000000000000000000;16378,000000000000000000
479;16478,000000000000000000;16110,000000000000000000;16378,000000000000000000
480;16478,000000000000000000;16110,000000000000000000;16379,000000000000000000
481;16478,000000000000000000;16110,000000000000000000;16379,000000000000000000
482;16478,000000000000000000;16110,000000000000000000;16380,000000000000000000
483;16478,000000000000000000;16110,000000000000000000;16381,000000000000000000
484;16478,000000000000000000;16110,000000000000000000;16382,000000000000000000
485;16478,000000000000000000;16110,000000000000000000;16382,000000000000000000
486;16478,000000000000000000;16110,000000000000000000;16382,000000000000000000
487;16478,000000000000000000;16110,000000000000000000;16382,000000000000000000
488;16478,000000000000000000;16110,000000000000000000;16383,000000000000000000
489;16478,000000000000000000;16110,000000000000000000;16383,000000000000000000
490;16478,000000000000000000;16110,000000000000000000;16384,000000000000000000
491;16478,000000000000000000;16110,000000000000000000;16384,000000000000000000
492;16478,000000000000000000;16110,000000000000000000;16385,000000000000000000
493;16478,000000000000000000;16110,000000000000000000;16385,000000000000000000
494;16478,000000000000000000;16110,000000000000000000;16386,000000000000000000
495;16478,000000000000000000;16110,000000000000000000;16386,000000000000000000
496;16478,000000000000000000;16110,000000000000000000;16387,000000000000000000
497;16478,000000000000000000;16110,000000000000000000;16387,000000000000000000
498;16478,000000000000000000;16151,000000000000000000;16388,000000000000000000
499;16478,000000000000000000;16151,000000000000000000;16389,000000000000000000
500;16478,000000000000000000;16151,000000000000000000;16389,000000000000000000
501;16478,000000000000000000;16151,000000000000000000;16389,000000000000000000
502;16478,000000000000000000;16151,000000000000000000;16392,000000000000000000
503;16478,000000000000000000;16151,000000000000000000;16392,000000000000000000
504;16478,000000000000000000;16151,000000000000000000;16392,000000000000000000
505;16478,000000000000000000;16151,000000000000000000;16392,000000000000000000
506;16478,000000000000000000;16151,000000000000000000;16393,000000000000000000
507;16478,000000000000000000;16151,000000000000000000;16393,000000000000000000
508;16478,000000000000000000;16151,000000000000000000;16393,000000000000000000
509;16478,000000000000000000;16151,000000000000000000;16393,000000000000000000
510;16478,000000000000000000;16151,000000000000000000;16394,000000000000000000
511;16478,000000000000000000;16151,000000000000000000;16395,000000000000000000
512;16478,000000000000000000;16151,000000000000000000;16395,000000000000000000
513;16478,000000000000000000;16151,000000000000000000;16396,000000000000000000
514;16478,000000000000000000;16151,000000000000000000;16396,000000000000000000
515;16478,000000000000000000;16151,000000000000000000;16396,000000000000000000
516;16478,000000000000000000;16151,000000000000000000;16397,000000000000000000
517;16478,000000000000000000;16151,000000000000000000;16397,000000000000000000
518;16478,000000000000000000;16151,000000000000000000;16397,000000000000000000
519;16478,000000000000000000;16151,000000000000000000;16398,000000000000000000
520;16478,000000000000000000;16151,000000000000000000;16398,000000000000000000
521;16478,000000000000000000;16151,000000000000000000;16398,000000000000000000
522;16478,000000000000000000;16151,000000000000000000;16398,000000000000000000
523;16478,000000000000000000;16151,000000000000000000;16398,000000000000000000
524;16478,000000000000000000;16151,000000000000000000;16399,000000000000000000
525;16478,000000000000000000;16151,000000000000000000;16399,000000000000000000
526;16478,000000000000000000;16151,000000000000000000;16399,000000000000000000
527;16478,000000000000000000;16151,000000000000000000;16400,000000000000000000
528;16478,000000000000000000;16151,000000000000000000;16400,000000000000000000
529;16478,000000000000000000;16151,000000000000000000;16400,000000000000000000
530;16478,000000000000000000;16151,000000000000000000;16400,000000000000000000
531;16478,000000000000000000;16151,000000000000000000;16400,000000000000000000
532;16478,000000000000000000;16151,000000000000000000;16400,000000000000000000
533;16478,000000000000000000;16151,000000000000000000;16401,000000000000000000
534;16478,000000000000000000;16151,000000000000000000;16401,000000000000000000
535;16478,000000000000000000;16151,000000000000000000;16401,000000000000000000
536;16478,000000000000000000;16151,000000000000000000;16402,000000000000000000
537;16478,000000000000000000;16151,000000000000000000;16402,000000000000000000
538;16478,000000000000000000;16151,000000000000000000;16402,000000000000000000
539;16478,000000000000000000;16151,000000000000000000;16402,000000000000000000
540;16478,000000000000000000;16151,000000000000000000;16402,000000000000000000
541;16478,000000000000000000;16151,000000000000000000;16403,000000000000000000
542;16478,000000000000000000;16151,000000000000000000;16405,000000000000000000
543;16478,000000000000000000;16151,000000000000000000;16405,000000000000000000
544;16478,000000000000000000;16151,000000000000000000;16405,000000000000000000
545;16478,000000000000000000;16151,000000000000000000;16406,000000000000000000
546;16478,000000000000000000;16151,000000000000000000;16406,000000000000000000
547;16478,000000000000000000;16151,000000000000000000;16406,000000000000000000
548;16478,000000000000000000;16151,000000000000000000;16406,000000000000000000
549;16478,000000000000000000;16151,000000000000000000;16407,000000000000000000
550;16478,000000000000000000;16151,000000000000000000;16407,000000000000000000
551;16478,000000000000000000;16151,000000000000000000;16408,000000000000000000
552;16478,000000000000000000;16151,000000000000000000;16408,000000000000000000
553;16478,000000000000000000;16151,000000000000000000;16408,000000000000000000
554;16478,000000000000000000;16151,000000000000000000;16409,000000000000000000
555;16478,000000000000000000;16151,000000000000000000;16409,000000000000000000
556;16478,000000000000000000;16151,000000000000000000;16409,000000000000000000
557;16478,000000000000000000;16151,000000000000000000;16409,000000000000000000
558;16478,000000000000000000;16151,000000000000000000;16410,000000000000000000
559;16478,000000000000000000;16151,000000000000000000;16410,000000000000000000
560;16478,000000000000000000;16151,000000000000000000;16411,000000000000000000
561;16478,000000000000000000;16151,000000000000000000;16411,000000000000000000
562;16478,000000000000000000;16151,000000000000000000;16411,000000000000000000
563;16478,000000000000000000;16151,000000000000000000;16411,000000000000000000
564;16478,000000000000000000;16151,000000000000000000;16411,000000000000000000
565;16478,000000000000000000;16151,000000000000000000;16412,000000000000000000
566;16478,000000000000000000;16151,000000000000000000;16413,000000000000000000
567;16478,000000000000000000;16151,000000000000000000;16413,000000000000000000
568;16478,000000000000000000;16151,000000000000000000;16414,000000000000000000
569;16478,000000000000000000;16151,000000000000000000;16415,000000000000000000
570;16478,000000000000000000;16151,000000000000000000;16415,000000000000000000
571;16478,000000000000000000;16151,000000000000000000;16415,000000000000000000
572;16478,000000000000000000;16151,000000000000000000;16415,000000000000000000
573;16478,000000000000000000;16151,000000000000000000;16415,000000000000000000
574;16478,000000000000000000;16151,000000000000000000;16416,000000000000000000
575;16478,000000000000000000;16151,000000000000000000;16416,000000000000000000
576;16478,000000000000000000;16151,000000000000000000;16417,000000000000000000
577;16478,000000000000000000;16151,000000000000000000;16418,000000000000000000
578;16478,000000000000000000;16151,000000000000000000;16418,000000000000000000
579;16478,000000000000000000;16151,000000000000000000;16418,000000000000000000
580;16478,000000000000000000;16151,000000000000000000;16418,000000000000000000
581;16478,000000000000000000;16151,000000000000000000;16418,000000000000000000
582;16478,000000000000000000;16151,000000000000000000;16418,000000000000000000
583;16478,000000000000000000;16151,000000000000000000;16419,000000000000000000
584;16478,000000000000000000;16151,000000000000000000;16419,000000000000000000
585;16478,000000000000000000;16151,000000000000000000;16420,000000000000000000
586;16478,000000000000000000;16151,000000000000000000;16420,000000000000000000
587;16478,000000000000000000;16151,000000000000000000;16420,000000000000000000
588;16478,000000000000000000;16151,000000000000000000;16420,000000000000000000
589;16478,000000000000000000;16151,000000000000000000;16420,000000000000000000
590;16478,000000000000000000;16151,000000000000000000;16421,000000000000000000
591;16478,000000000000000000;16151,000000000000000000;16422,000000000000000000
592;16478,000000000000000000;16151,000000000000000000;16423,000000000000000000
593;16478,000000000000000000;16151,000000000000000000;16424,000000000000000000
594;16478,000000000000000000;16151,000000000000000000;16424,000000000000000000
595;16478,000000000000000000;16151,000000000000000000;16424,000000000000000000
596;16478,000000000000000000;16151,000000000000000000;16425,000000000000000000
597;16478,000000000000000000;16151,000000000000000000;16425,000000000000000000
598;16478,000000000000000000;16151,000000000000000000;16426,000000000000000000
599;16478,000000000000000000;16151,000000000000000000;16426,000000000000000000
600;16478,000000000000000000;16151,000000000000000000;16426,000000000000000000
601;16478,000000000000000000;16151,000000000000000000;16426,000000000000000000
602;16478,000000000000000000;16151,000000000000000000;16426,000000000000000000
603;16478,000000000000000000;16151,000000000000000000;16426,000000000000000000
604;16478,000000000000000000;16151,000000000000000000;16428,000000000000000000
605;16478,000000000000000000;16151,000000000000000000;16428,000000000000000000
606;16478,000000000000000000;16151,000000000000000000;16428,000000000000000000
607;16478,000000000000000000;16151,000000000000000000;16428,000000000000000000
608;16478,000000000000000000;16151,000000000000000000;16428,000000000000000000
609;16478,000000000000000000;16151,000000000000000000;16428,000000000000000000
610;16478,000000000000000000;16151,000000000000000000;16428,000000000000000000
611;16478,000000000000000000;16151,000000000000000000;16428,000000000000000000
612;16478,000000000000000000;16151,000000000000000000;16428,000000000000000000
613;16478,000000000000000000;16151,000000000000000000;16428,000000000000000000
614;16478,000000000000000000;16151,000000000000000000;16428,000000000000000000
615;16478,000000000000000000;16260,000000000000000000;16429,000000000000000000
616;16478,000000000000000000;16260,000000000000000000;16429,000000000000000000
617;16478,000000000000000000;16260,000000000000000000;16429,000000000000000000
618;16478,000000000000000000;16260,000000000000000000;16429,000000000000000000
619;16478,000000000000000000;16260,000000000000000000;16429,000000000000000000
620;16478,000000000000000000;16260,000000000000000000;16429,000000000000000000
621;16478,000000000000000000;16260,000000000000000000;16430,000000000000000000
622;16478,000000000000000000;16260,000000000000000000;16430,000000000000000000
623;16478,000000000000000000;16260,000000000000000000;16430,000000000000000000
624;16478,000000000000000000;16260,000000000000000000;16430,000000000000000000
625;16478,000000000000000000;16260,000000000000000000;16431,000000000000000000
626;16478,000000000000000000;16260,000000000000000000;16431,000000000000000000
627;16478,000000000000000000;16260,000000000000000000;16432,000000000000000000
628;16478,000000000000000000;16260,000000000000000000;16432,000000000000000000
629;16478,000000000000000000;16260,000000000000000000;16432,000000000000000000
630;16478,000000000000000000;16266,000000000000000000;16433,000000000000000000
631;16478,000000000000000000;16266,000000000000000000;16433,000000000000000000
632;16478,000000000000000000;16266,000000000000000000;16434,000000000000000000
633;16478,000000000000000000;16266,000000000000000000;16435,000000000000000000
634;16478,000000000000000000;16266,000000000000000000;16435,000000000000000000
635;16478,000000000000000000;16266,000000000000000000;16435,000000000000000000
636;16478,000000000000000000;16266,000000000000000000;16435,000000000000000000
637;16478,000000000000000000;16266,000000000000000000;16435,000000000000000000
638;16478,000000000000000000;16266,000000000000000000;16436,000000000000000000
639;16478,000000000000000000;16266,000000000000000000;16436,000000000000000000
640;16478,000000000000000000;16266,000000000000000000;16436,000000000000000000
641;16478,000000000000000000;16266,000000000000000000;16437,000000000000000000
642;16478,000000000000000000;16266,000000000000000000;16437,000000000000000000
643;16478,000000000000000000;16266,000000000000000000;16437,000000000000000000
644;16478,000000000000000000;16266,000000000000000000;16437,000000000000000000
645;16478,000000000000000000;16266,000000000000000000;16438,000000000000000000
646;16478,000000000000000000;16266,000000000000000000;16438,000000000000000000
647;16478,000000000000000000;16266,000000000000000000;16438,000000000000000000
648;16478,000000000000000000;16266,000000000000000000;16438,000000000000000000
649;16478,000000000000000000;16266,000000000000000000;16438,000000000000000000
650;16478,000000000000000000;16266,000000000000000000;16438,000000000000000000
651;16478,000000000000000000;16266,000000000000000000;16439,000000000000000000
652;16478,000000000000000000;16266,000000000000000000;16439,000000000000000000
653;16478,000000000000000000;16266,000000000000000000;16439,000000000000000000
654;16478,000000000000000000;16266,000000000000000000;16440,000000000000000000
655;16478,000000000000000000;16266,000000000000000000;16440,000000000000000000
656;16478,000000000000000000;16266,000000000000000000;16440,000000000000000000
657;16478,000000000000000000;16266,000000000000000000;16440,000000000000000000
658;16478,000000000000000000;16266,000000000000000000;16440,000000000000000000
659;16478,000000000000000000;16266,000000000000000000;16441,000000000000000000
660;16478,000000000000000000;16266,000000000000000000;16441,000000000000000000
661;16478,000000000000000000;16266,000000000000000000;16443,000000000000000000
662;16478,000000000000000000;16266,000000000000000000;16443,000000000000000000
663;16478,000000000000000000;16266,000000000000000000;16443,000000000000000000
664;16478,000000000000000000;16266,000000000000000000;16443,000000000000000000
665;16478,000000000000000000;16266,000000000000000000;16444,000000000000000000
666;16478,000000000000000000;16266,000000000000000000;16444,000000000000000000
667;16478,000000000000000000;16266,000000000000000000;16444,000000000000000000
668;16478,000000000000000000;16266,000000000000000000;16444,000000000000000000
669;16478,000000000000000000;16266,000000000000000000;16445,000000000000000000
670;16478,000000000000000000;16266,000000000000000000;16445,000000000000000000
671;16478,000000000000000000;16266,000000000000000000;16445,000000000000000000
672;16478,000000000000000000;16266,000000000000000000;16445,000000000000000000
673;16478,000000000000000000;16266,000000000000000000;16445,000000000000000000
674;16478,000000000000000000;16266,000000000000000000;16445,000000000000000000
675;16478,000000000000000000;16266,000000000000000000;16446,000000000000000000
676;16478,000000000000000000;16266,000000000000000000;16447,000000000000000000
677;16478,000000000000000000;16266,000000000000000000;16447,000000000000000000
678;16478,000000000000000000;16266,000000000000000000;16448,000000000000000000
679;16478,000000000000000000;16266,000000000000000000;16448,000000000000000000
680;16478,000000000000000000;16266,000000000000000000;16448,000000000000000000
681;16478,000000000000000000;16266,000000000000000000;16449,000000000000000000
682;16478,000000000000000000;16266,000000000000000000;16450,000000000000000000
683;16478,000000000000000000;16266,000000000000000000;16450,000000000000000000
684;16478,000000000000000000;16266,000000000000000000;16450,000000000000000000
685;16478,000000000000000000;16266,000000000000000000;16450,000000000000000000
686;16478,000000000000000000;16266,000000000000000000;16450,000000000000000000
687;16478,000000000000000000;16266,000000000000000000;16450,000000000000000000
688;16478,000000000000000000;16266,000000000000000000;16451,000000000000000000
689;16478,000000000000000000;16266,000000000000000000;16451,000000000000000000
690;16478,000000000000000000;16266,000000000000000000;16451,000000000000000000
691;16478,000000000000000000;16266,000000000000000000;16452,000000000000000000
692;16478,000000000000000000;16266,000000000000000000;16452,000000000000000000
693;16478,000000000000000000;16266,000000000000000000;16452,000000000000000000
694;16478,000000000000000000;16266,000000000000000000;16453,000000000000000000
695;16478,000000000000000000;16280,000000000000000000;16453,000000000000000000
696;16478,000000000000000000;16280,000000000000000000;16453,000000000000000000
697;16478,000000000000000000;16280,000000000000000000;16453,000000000000000000
698;16478,000000000000000000;16280,000000000000000000;16453,000000000000000000
699;16478,000000000000000000;16280,000000000000000000;16453,000000000000000000
700;16478,000000000000000000;16280,000000000000000000;16453,000000000000000000
701;16478,000000000000000000;16280,000000000000000000;16454,000000000000000000
702;16478,000000000000000000;16280,000000000000000000;16454,000000000000000000
703;16478,000000000000000000;16280,000000000000000000;16454,000000000000000000
704;16478,000000000000000000;16280,000000000000000000;16454,000000000000000000
705;16478,000000000000000000;16280,000000000000000000;16454,000000000000000000
706;16478,000000000000000000;16280,000000000000000000;16454,000000000000000000
707;16478,000000000000000000;16280,000000000000000000;16454,000000000000000000
708;16478,000000000000000000;16280,000000000000000000;16455,000000000000000000
709;16478,000000000000000000;16280,000000000000000000;16455,000000000000000000
710;16478,000000000000000000;16280,000000000000000000;16455,000000000000000000
711;16478,000000000000000000;16280,000000000000000000;16455,000000000000000000
712;16478,000000000000000000;16280,000000000000000000;16455,000000000000000000
713;16478,000000000000000000;16280,000000000000000000;16456,000000000000000000
714;16478,000000000000000000;16280,000000000000000000;16456,000000000000000000
715;16478,000000000000000000;16280,000000000000000000;16456,000000000000000000
716;16478,000000000000000000;16280,000000000000000000;16456,000000000000000000
717;16478,000000000000000000;16280,000000000000000000;16457,000000000000000000
718;16478,000000000000000000;16280,000000000000000000;16457,000000000000000000
719;16478,000000000000000000;16280,000000000000000000;16457,000000000000000000
720;16478,000000000000000000;16280,000000000000000000;16457,000000000000000000
721;16478,000000000000000000;16280,000000000000000000;16458,000000000000000000
722;16478,000000000000000000;16280,000000000000000000;16458,000000000000000000
723;16478,000000000000000000;16280,000000000000000000;16458,000000000000000000
724;16478,000000000000000000;16280,000000000000000000;16458,000000000000000000
725;16478,000000000000000000;16280,000000000000000000;16458,000000000000000000
726;16478,000000000000000000;16280,000000000000000000;16459,000000000000000000
727;16478,000000000000000000;16280,000000000000000000;16459,000000000000000000
728;16478,000000000000000000;16280,000000000000000000;16459,000000000000000000
729;16478,000000000000000000;16280,000000000000000000;16460,000000000000000000
730;16478,000000000000000000;16280,000000000000000000;16460,000000000000000000
731;16478,000000000000000000;16280,000000000000000000;16460,000000000000000000
732;16478,000000000000000000;16280,000000000000000000;16460,000000000000000000
733;16478,000000000000000000;16280,000000000000000000;16460,000000000000000000
734;16478,000000000000000000;16280,000000000000000000;16460,000000000000000000
735;16478,000000000000000000;16280,000000000000000000;16461,000000000000000000
736;16478,000000000000000000;16280,000000000000000000;16461,000000000000000000
737;16478,000000000000000000;16280,000000000000000000;16461,000000000000000000
738;16478,000000000000000000;16280,000000000000000000;16462,000000000000000000
739;16478,000000000000000000;16327,000000000000000000;16462,000000000000000000
740;16478,000000000000000000;16327,000000000000000000;16462,000000000000000000
741;16478,000000000000000000;16327,000000000000000000;16462,000000000000000000
742;16478,000000000000000000;16327,000000000000000000;16462,000000000000000000
743;16478,000000000000000000;16327,000000000000000000;16462,000000000000000000
744;16478,000000000000000000;16327,000000000000000000;16462,000000000000000000
745;16478,000000000000000000;16327,000000000000000000;16462,000000000000000000
746;16478,000000000000000000;16327,000000000000000000;16463,000000000000000000
747;16478,000000000000000000;16327,000000000000000000;16463,000000000000000000
748;16478,000000000000000000;16327,000000000000000000;16463,000000000000000000
749;16478,000000000000000000;16327,000000000000000000;16463,000000000000000000
750;16478,000000000000000000;16327,000000000000000000;16464,000000000000000000
751;16478,000000000000000000;16327,000000000000000000;16464,000000000000000000
752;16478,000000000000000000;16327,000000000000000000;16464,000000000000000000
753;16478,000000000000000000;16327,000000000000000000;16464,000000000000000000
754;16478,000000000000000000;16448,000000000000000000;16465,000000000000000000
755;16478,000000000000000000;16448,000000000000000000;16465,000000000000000000
756;16478,000000000000000000;16448,000000000000000000;16465,000000000000000000
757;16478,000000000000000000;16448,000000000000000000;16465,000000000000000000
758;16478,000000000000000000;16448,000000000000000000;16465,000000000000000000
759;16478,000000000000000000;16448,000000000000000000;16465,000000000000000000
760;16478,000000000000000000;16448,000000000000000000;16465,000000000000000000
761;16478,000000000000000000;16448,000000000000000000;16465,000000000000000000
762;16478,000000000000000000;16448,000000000000000000;16465,000000000000000000
763;16478,000000000000000000;16448,000000000000000000;16465,000000000000000000
764;16478,000000000000000000;16448,000000000000000000;16465,000000000000000000
765;16478,000000000000000000;16448,000000000000000000;16465,000000000000000000
766;16478,000000000000000000;16448,000000000000000000;16465,000000000000000000
767;16478,000000000000000000;16448,000000000000000000;16465,000000000000000000
768;16478,000000000000000000;16448,000000000000000000;16465,000000000000000000
769;16478,000000000000000000;16448,000000000000000000;16465,000000000000000000
770;16478,000000000000000000;16448,000000000000000000;16465,000000000000000000
771;16478,000000000000000000;16448,000000000000000000;16465,000000000000000000
772;16478,000000000000000000;16448,000000000000000000;16466,000000000000000000
773;16478,000000000000000000;16448,000000000000000000;16466,000000000000000000
774;16478,000000000000000000;16448,000000000000000000;16466,000000000000000000
775;16478,000000000000000000;16448,000000000000000000;16466,000000000000000000
776;16478,000000000000000000;16448,000000000000000000;16466,000000000000000000
777;16478,000000000000000000;16448,000000000000000000;16466,000000000000000000
778;16478,000000000000000000;16448,000000000000000000;16466,000000000000000000
779;16478,000000000000000000;16448,000000000000000000;16466,000000000000000000
780;16478,000000000000000000;16448,000000000000000000;16466,000000000000000000
781;16478,000000000000000000;16448,000000000000000000;16466,000000000000000000
782;16478,000000000000000000;16448,000000000000000000;16466,000000000000000000
783;16478,000000000000000000;16448,000000000000000000;16466,000000000000000000
784;16478,000000000000000000;16448,000000000000000000;16466,000000000000000000
785;16478,000000000000000000;16448,000000000000000000;16466,000000000000000000
786;16478,000000000000000000;16448,000000000000000000;16466,000000000000000000
787;16478,000000000000000000;16448,000000000000000000;16466,000000000000000000
788;16478,000000000000000000;16448,000000000000000000;16466,000000000000000000
789;16478,000000000000000000;16448,000000000000000000;16466,000000000000000000
790;16478,000000000000000000;16448,000000000000000000;16466,000000000000000000
791;16478,000000000000000000;16448,000000000000000000;16466,000000000000000000
792;16478,000000000000000000;16448,000000000000000000;16466,000000000000000000
793;16478,000000000000000000;16448,000000000000000000;16466,000000000000000000
794;16478,000000000000000000;16448,000000000000000000;16466,000000000000000000
795;16478,000000000000000000;16448,000000000000000000;16466,000000000000000000
796;16478,000000000000000000;16448,000000000000000000;16466,000000000000000000
797;16478,000000000000000000;16448,000000000000000000;16466,000000000000000000
798;16478,000000000000000000;16448,000000000000000000;16466,000000000000000000
799;16478,000000000000000000;16448,000000000000000000;16466,000000000000000000
800;16478,000000000000000000;16448,000000000000000000;16466,000000000000000000
801;16478,000000000000000000;16448,000000000000000000;16466,000000000000000000
802;16478,000000000000000000;16448,000000000000000000;16466,000000000000000000
803;16478,000000000000000000;16448,000000000000000000;16466,000000000000000000
804;16478,000000000000000000;16448,000000000000000000;16466,000000000000000000
805;16478,000000000000000000;16448,000000000000000000;16466,000000000000000000
806;16478,000000000000000000;16448,000000000000000000;16466,000000000000000000
807;16478,000000000000000000;16448,000000000000000000;16466,000000000000000000
808;16478,000000000000000000;16448,000000000000000000;16466,000000000000000000
809;16478,000000000000000000;16448,000000000000000000;16466,000000000000000000
810;16478,000000000000000000;16448,000000000000000000;16466,000000000000000000
811;16478,000000000000000000;16448,000000000000000000;16466,000000000000000000
812;16478,000000000000000000;16448,000000000000000000;16466,000000000000000000
813;16478,000000000000000000;16448,000000000000000000;16466,000000000000000000
814;16478,000000000000000000;16448,000000000000000000;16466,000000000000000000
815;16478,000000000000000000;16448,000000000000000000;16466,000000000000000000
816;16478,000000000000000000;16448,000000000000000000;16466,000000000000000000
817;16478,000000000000000000;16448,000000000000000000;16466,000000000000000000
818;16478,000000000000000000;16448,000000000000000000;16466,000000000000000000
819;16478,000000000000000000;16448,000000000000000000;16466,000000000000000000
820;16478,000000000000000000;16448,000000000000000000;16466,000000000000000000
821;16478,000000000000000000;16448,000000000000000000;16466,000000000000000000
822;16478,000000000000000000;16448,000000000000000000;16466,000000000000000000
823;16478,000000000000000000;16448,000000000000000000;16466,000000000000000000
824;16478,000000000000000000;16448,000000000000000000;16466,000000000000000000
825;16478,000000000000000000;16448,000000000000000000;16466,000000000000000000
826;16478,000000000000000000;16448,000000000000000000;16466,000000000000000000
827;16478,000000000000000000;16448,000000000000000000;16466,000000000000000000
828;16478,000000000000000000;16448,000000000000000000;16466,000000000000000000
829;16478,000000000000000000;16448,000000000000000000;16466,000000000000000000
830;16478,000000000000000000;16448,000000000000000000;16466,000000000000000000
831;16478,000000000000000000;16448,000000000000000000;16466,000000000000000000
832;16478,000000000000000000;16448,000000000000000000;16466,000000000000000000
833;16478,000000000000000000;16448,000000000000000000;16466,000000000000000000
834;16478,000000000000000000;16448,000000000000000000;16467,000000000000000000
835;16478,000000000000000000;16448,000000000000000000;16467,000000000000000000
836;16478,000000000000000000;16448,000000000000000000;16467,000000000000000000
837;16478,000000000000000000;16448,000000000000000000;16467,000000000000000000
838;16478,000000000000000000;16448,000000000000000000;16467,000000000000000000
839;16478,000000000000000000;16448,000000000000000000;16467,000000000000000000
840;16478,000000000000000000;16448,000000000000000000;16467,000000000000000000
841;16478,000000000000000000;16448,000000000000000000;16467,000000000000000000
842;16478,000000000000000000;16448,000000000000000000;16467,000000000000000000
843;16478,000000000000000000;16448,000000000000000000;16467,000000000000000000
844;16478,000000000000000000;16448,000000000000000000;16467,000000000000000000
845;16478,000000000000000000;16448,000000000000000000;16467,000000000000000000
846;16478,000000000000000000;16448,000000000000000000;16467,000000000000000000
847;16478,000000000000000000;16448,000000000000000000;16467,000000000000000000
848;16478,000000000000000000;16448,000000000000000000;16467,000000000000000000
849;16478,000000000000000000;16448,000000000000000000;16467,000000000000000000
850;16478,000000000000000000;16448,000000000000000000;16467,000000000000000000
851;16478,000000000000000000;16448,000000000000000000;16467,000000000000000000
852;16478,000000000000000000;16448,000000000000000000;16467,000000000000000000
853;16478,000000000000000000;16448,000000000000000000;16467,000000000000000000
854;16478,000000000000000000;16448,000000000000000000;16467,000000000000000000
855;16478,000000000000000000;16448,000000000000000000;16467,000000000000000000
856;16478,000000000000000000;16448,000000000000000000;16467,000000000000000000
857;16478,000000000000000000;16448,000000000000000000;16467,000000000000000000
858;16478,000000000000000000;16448,000000000000000000;16467,000000000000000000
859;16478,000000000000000000;16448,000000000000000000;16467,000000000000000000
860;16478,000000000000000000;16448,000000000000000000;16467,000000000000000000
861;16478,000000000000000000;16448,000000000000000000;16467,000000000000000000
862;16478,000000000000000000;16448,000000000000000000;16467,000000000000000000
863;16478,000000000000000000;16448,000000000000000000;16467,000000000000000000
864;16478,000000000000000000;16448,000000000000000000;16467,000000000000000000
865;16478,000000000000000000;16448,000000000000000000;16467,000000000000000000
866;16478,000000000000000000;16448,000000000000000000;16467,000000000000000000
867;16478,000000000000000000;16448,000000000000000000;16467,000000000000000000
868;16478,000000000000000000;16448,000000000000000000;16467,000000000000000000
869;16478,000000000000000000;16448,000000000000000000;16467,000000000000000000
870;16478,000000000000000000;16448,000000000000000000;16467,000000000000000000
871;16478,000000000000000000;16448,000000000000000000;16467,000000000000000000
872;16478,000000000000000000;16448,000000000000000000;16467,000000000000000000
873;16478,000000000000000000;16448,000000000000000000;16467,000000000000000000
874;16478,000000000000000000;16448,000000000000000000;16467,000000000000000000
875;16478,000000000000000000;16448,000000000000000000;16467,000000000000000000
876;16478,000000000000000000;16448,000000000000000000;16467,000000000000000000
877;16478,000000000000000000;16448,000000000000000000;16467,000000000000000000
878;16478,000000000000000000;16448,000000000000000000;16467,000000000000000000
879;16478,000000000000000000;16448,000000000000000000;16467,000000000000000000
880;16478,000000000000000000;16448,000000000000000000;16467,000000000000000000
881;16478,000000000000000000;16448,000000000000000000;16467,000000000000000000
882;16478,000000000000000000;16448,000000000000000000;16467,000000000000000000
883;16478,000000000000000000;16448,000000000000000000;16467,000000000000000000
884;16478,000000000000000000;16448,000000000000000000;16467,000000000000000000
885;16478,000000000000000000;16448,000000000000000000;16468,000000000000000000
886;16478,000000000000000000;16448,000000000000000000;16468,000000000000000000
887;16478,000000000000000000;16448,000000000000000000;16468,000000000000000000
888;16478,000000000000000000;16448,000000000000000000;16468,000000000000000000
889;16478,000000000000000000;16448,000000000000000000;16468,000000000000000000
890;16478,000000000000000000;16448,000000000000000000;16468,000000000000000000
891;16478,000000000000000000;16448,000000000000000000;16468,000000000000000000
892;16478,000000000000000000;16448,000000000000000000;16468,000000000000000000
893;16478,000000000000000000;16448,000000000000000000;16468,000000000000000000
894;16478,000000000000000000;16448,000000000000000000;16468,000000000000000000
895;16478,000000000000000000;16448,000000000000000000;16468,000000000000000000
896;16478,000000000000000000;16448,000000000000000000;16468,000000000000000000
897;16478,000000000000000000;16448,000000000000000000;16468,000000000000000000
898;16478,000000000000000000;16448,000000000000000000;16468,000000000000000000
899;16478,000000000000000000;16448,000000000000000000;16468,000000000000000000
900;16478,000000000000000000;16448,000000000000000000;16468,000000000000000000
901;16478,000000000000000000;16448,000000000000000000;16468,000000000000000000
902;16478,000000000000000000;16448,000000000000000000;16468,000000000000000000
903;16478,000000000000000000;16448,000000000000000000;16468,000000000000000000
904;16478,000000000000000000;16448,000000000000000000;16468,000000000000000000
905;16478,000000000000000000;16448,000000000000000000;16468,000000000000000000
906;16478,000000000000000000;16448,000000000000000000;16468,000000000000000000
907;16478,000000000000000000;16448,000000000000000000;16468,000000000000000000
908;16478,000000000000000000;16448,000000000000000000;16468,000000000000000000
909;16478,000000000000000000;16448,000000000000000000;16468,000000000000000000
910;16478,000000000000000000;16448,000000000000000000;16468,000000000000000000
911;16478,000000000000000000;16448,000000000000000000;16468,000000000000000000
912;16478,000000000000000000;16448,000000000000000000;16468,000000000000000000
913;16478,000000000000000000;16448,000000000000000000;16468,000000000000000000
914;16478,000000000000000000;16448,000000000000000000;16468,000000000000000000
915;16478,000000000000000000;16448,000000000000000000;16468,000000000000000000
916;16478,000000000000000000;16448,000000000000000000;16468,000000000000000000
917;16478,000000000000000000;16448,000000000000000000;16468,000000000000000000
918;16478,000000000000000000;16448,000000000000000000;16468,000000000000000000
919;16478,000000000000000000;16448,000000000000000000;16468,000000000000000000
920;16478,000000000000000000;16448,000000000000000000;16469,000000000000000000
921;16478,000000000000000000;16448,000000000000000000;16469,000000000000000000
922;16478,000000000000000000;16448,000000000000000000;16469,000000000000000000
923;16478,000000000000000000;16448,000000000000000000;16469,000000000000000000
924;16478,000000000000000000;16448,000000000000000000;16469,000000000000000000
925;16478,000000000000000000;16448,000000000000000000;16469,000000000000000000
926;16478,000000000000000000;16448,000000000000000000;16469,000000000000000000
927;16478,000000000000000000;16448,000000000000000000;16469,000000000000000000
928;16478,000000000000000000;16448,000000000000000000;16469,000000000000000000
929;16478,000000000000000000;16448,000000000000000000;16469,000000000000000000
930;16478,000000000000000000;16448,000000000000000000;16469,000000000000000000
931;16478,000000000000000000;16448,000000000000000000;16469,000000000000000000
932;16478,000000000000000000;16448,000000000000000000;16469,000000000000000000
933;16478,000000000000000000;16448,000000000000000000;16469,000000000000000000
934;16478,000000000000000000;16448,000000000000000000;16469,000000000000000000
935;16478,000000000000000000;16448,000000000000000000;16469,000000000000000000
936;16478,000000000000000000;16448,000000000000000000;16469,000000000000000000
937;16478,000000000000000000;16448,000000000000000000;16469,000000000000000000
938;16478,000000000000000000;16448,000000000000000000;16469,000000000000000000
939;16478,000000000000000000;16448,000000000000000000;16469,000000000000000000
940;16478,000000000000000000;16448,000000000000000000;16469,000000000000000000
941;16478,000000000000000000;16448,000000000000000000;16469,000000000000000000
942;16478,000000000000000000;16448,000000000000000000;16469,000000000000000000
943;16478,000000000000000000;16448,000000000000000000;16469,000000000000000000
944;16478,000000000000000000;16448,000000000000000000;16469,000000000000000000
945;16478,000000000000000000;16448,000000000000000000;16469,000000000000000000
946;16478,000000000000000000;16448,000000000000000000;16469,000000000000000000
947;16478,000000000000000000;16457,000000000000000000;16469,000000000000000000
948;16478,000000000000000000;16457,000000000000000000;16469,000000000000000000
949;16478,000000000000000000;16457,000000000000000000;16469,000000000000000000
950;16478,000000000000000000;16457,000000000000000000;16469,000000000000000000
951;16478,000000000000000000;16457,000000000000000000;16469,000000000000000000
952;16478,000000000000000000;16457,000000000000000000;16469,000000000000000000
953;16478,000000000000000000;16457,000000000000000000;16469,000000000000000000
954;16478,000000000000000000;16457,000000000000000000;16469,000000000000000000
955;16478,000000000000000000;16457,000000000000000000;16469,000000000000000000
956;16478,000000000000000000;16457,000000000000000000;16469,000000000000000000
957;16478,000000000000000000;16457,000000000000000000;16469,000000000000000000
958;16478,000000000000000000;16457,000000000000000000;16469,000000000000000000
959;16478,000000000000000000;16457,000000000000000000;16469,000000000000000000
960;16478,000000000000000000;16457,000000000000000000;16469,000000000000000000
961;16478,000000000000000000;16457,000000000000000000;16469,000000000000000000
962;16478,000000000000000000;16457,000000000000000000;16469,000000000000000000
963;16478,000000000000000000;16457,000000000000000000;16469,000000000000000000
964;16478,000000000000000000;16457,000000000000000000;16469,000000000000000000
965;16478,000000000000000000;16457,000000000000000000;16469,000000000000000000
966;16478,000000000000000000;16457,000000000000000000;16469,000000000000000000
967;16478,000000000000000000;16457,000000000000000000;16469,000000000000000000
968;16478,000000000000000000;16457,000000000000000000;16469,000000000000000000
969;16478,000000000000000000;16457,000000000000000000;16469,000000000000000000
970;16478,000000000000000000;16457,000000000000000000;16470,000000000000000000
971;16478,000000000000000000;16457,000000000000000000;16470,000000000000000000
972;16478,000000000000000000;16457,000000000000000000;16470,000000000000000000
973;16478,000000000000000000;16457,000000000000000000;16470,000000000000000000
974;16478,000000000000000000;16457,000000000000000000;16470,000000000000000000
975;16478,000000000000000000;16457,000000000000000000;16470,000000000000000000
976;16478,000000000000000000;16457,000000000000000000;16470,000000000000000000
977;16478,000000000000000000;16457,000000000000000000;16470,000000000000000000
978;16478,000000000000000000;16457,000000000000000000;16470,000000000000000000
979;16478,000000000000000000;16457,000000000000000000;16470,000000000000000000
980;16478,000000000000000000;16457,000000000000000000;16470,000000000000000000
981;16478,000000000000000000;16457,000000000000000000;16470,000000000000000000
982;16478,000000000000000000;16457,000000000000000000;16470,000000000000000000
983;16478,000000000000000000;16457,000000000000000000;16470,000000000000000000
984;16478,000000000000000000;16457,000000000000000000;16470,000000000000000000
985;16478,000000000000000000;16457,000000000000000000;16470,000000000000000000
986;16478,000000000000000000;16457,000000000000000000;16470,000000000000000000
987;16478,000000000000000000;16457,000000000000000000;16470,000000000000000000
988;16478,000000000000000000;16457,000000000000000000;16470,000000000000000000
989;16478,000000000000000000;16457,000000000000000000;16470,000000000000000000
990;16478,000000000000000000;16457,000000000000000000;16470,000000000000000000
991;16478,000000000000000000;16457,000000000000000000;16470,000000000000000000
992;16478,000000000000000000;16457,000000000000000000;16470,000000000000000000
993;16478,000000000000000000;16457,000000000000000000;16470,000000000000000000
994;16478,000000000000000000;16457,000000000000000000;16470,000000000000000000
995;16478,000000000000000000;16457,000000000000000000;16470,000000000000000000
996;16478,000000000000000000;16457,000000000000000000;16470,000000000000000000
997;16478,000000000000000000;16457,000000000000000000;16470,000000000000000000
998;16478,000000000000000000;16457,000000000000000000;16470,000000000000000000
999;16478,000000000000000000;16457,000000000000000000;16470,000000000000000000
